Composite.Element.REF	TCGA-3X-AAV9-01	TCGA-WD-A7RX-01	TCGA-3X-AAVC-01	TCGA-W5-AA34-01	TCGA-W5-AA33-01	TCGA-4G-AAZT-01	TCGA-ZD-A8I3-01	TCGA-ZH-A8Y1-01	TCGA-ZH-A8Y2-01	TCGA-ZH-A8Y5-01	TCGA-ZH-A8Y6-01	TCGA-W5-AA36-01	TCGA-YR-A95A-01	TCGA-ZH-A8Y8-01	TCGA-W5-AA2G-01	TCGA-W5-AA2H-01	TCGA-W5-AA2O-01	TCGA-W5-AA2Q-01	TCGA-W5-AA2R-01	TCGA-W5-AA2U-01	TCGA-W5-AA2W-01	TCGA-W5-AA2X-01	TCGA-W5-AA2Z-01	TCGA-W5-AA30-01	TCGA-W5-AA31-01	TCGA-W5-AA38-01	TCGA-W5-AA39-01	TCGA-3X-AAVA-01	TCGA-W6-AA0S-01	TCGA-W5-AA2I-01
YWHAE|14-3-3_epsilon	-0.566029043	-0.839946318	-0.725649579	-0.60719276	-0.507374211	-0.806524073	-0.775048135	-0.870968086	-0.931631543	-0.795568669	-0.536919796	-0.891942772	-0.796224436	-0.559630635	-0.719770668	-0.539086754	-0.936909175	-0.91169502	-0.62392881	-0.878653545	-0.911773174	-0.742938579	-0.911130951	-0.835176936	-0.72900009	-0.951209972	-0.53216282	-0.603584751	-0.865744403	-0.547457321
EIF4EBP1|4E-BP1	0.376195616	0.644908064	0.682125691	0.657806765	0.540818374	0.208359478	0.706620163	0.673817554	0.48461719	0.700099797	0.565987423	0.758358906	1.293057839	0.731891869	0.676378412	-0.72321437	0.868388474	0.4157459	0.979833622	0.58303856	0.606101377	0.315906157	1.000580493	0.57546102	0.606787022	0.795462881	0.51972425	0.67497599	1.266274939	0.140144827
EIF4EBP1|4E-BP1_pS65	0.398263935	0.370628049	0.474592113	0.441203684	-0.025988426	0.313262452	0.682848421	0.69055116	0.221621583	0.547534409	0.035183158	0.452749811	0.795419421	0.268346679	0.395429411	0.908597102	0.279537246	0.697192864	0.179658551	0.313772745	1.348220791	0.460100235	0.374381356	0.667359002	0.657184249	0.676045425	0.388959387	0.160380555	0.157668458	0.901541616
EIF4EBP1|4E-BP1_pT37T46	-0.03086942	1.338428734	0.674680902	0.374245735	0.426335306	-0.014187956	0.558302633	0.626314669	-0.351883265	-0.173348993	0.207071496	0.05927748	-0.543053488	0.47695741	0.377218773	1.419182985	-0.350223788	-0.51227303	1.077775673	0.431561456	0.303039377	0.181596682	0.320981236	0.162466442	-0.522439284	2.442109568	0.855779069	0.30934107	0.849778431	1.40421339
TP53BP1|53BP1	0.890111137	1.254321963	0.898714535	0.566435683	0.650702747	1.54871128	1.596553459	1.412871196	1.723250119	1.96382637	0.966860869	1.721899227	2.022428293	0.691053586	1.326956793	-0.017368978	2.497018815	1.950019986	1.21792642	1.562637803	2.708283069	0.895824389	1.436584811	1.58005812	1.389481361	1.202455307	0.060416852	1.303460728	1.918504734	0.443798494
ACACA ACACB|ACC_pS79	-0.267009366	0.081734299	-0.521839545	0.292294264	0.374744579	-0.907506324	0.501582071	-1.075209761	1.036923554	-0.852842606	0.591130466	-0.148657123	-0.811718818	0.328654403	-0.097759382	-4.44E-07	0.546574168	-0.585908687	-0.110109574	-0.039506405	-0.208374008	-0.96308659	-0.568104223	0.421779964	-0.122085051	1.046733086	-0.437524482	0.101336942	-0.602906623	-0.056451352
ACACA|ACC1	1.56528909	2.117675197	1.356917982	2.319991958	1.027859303	0.983277161	2.463212218	0.651211629	3.028514476	1.613869759	1.476808349	2.28543672	1.186441114	1.727357498	1.12170105	1.902666072	2.971947433	0.969757981	1.152210976	1.425302123	1.487670013	1.277610788	1.254468085	2.376852005	1.979005289	2.605150434	0.835895411	1.136513414	1.259577077	2.255462018
AKT1 AKT2 AKT3|Akt	0.644336337	0.741245391	0.346935147	0.268910473	0.911272821	1.442164019	0.407225306	0.793440069	0.25088224	0.80402753	0.864122915	1.000796465	1.251230772	0.799505826	1.023290455	1.675774743	1.144090163	0.845797389	0.628633849	1.109895683	1.349867935	0.342225224	1.225823374	1.043743773	0.996661353	0.59102395	0.451948096	0.988021377	1.281277931	-0.723874065
AKT1 AKT2 AKT3|Akt_pS473	-1.088108353	-1.158440163	-1.521103161	-0.902572089	0.163360204	-0.957559232	-1.112632726	-1.014154642	-1.740908761	-0.984111915	-0.148994693	-0.969326317	-1.536978227	-0.271253069	-0.594503041	0.763130217	-1.347122063	-1.208217903	-0.74555151	-0.31291247	-1.276249237	-0.84829146	-0.898743171	-0.927009612	-1.433097544	-1.242376578	0.122962343	-0.274596395	-1.30067512	-0.949135731
AKT1 AKT2 AKT3|Akt_pT308	0.13986558	-0.140230688	-0.340527254	0.068117955	0.16782707	-0.334081777	-0.166117391	-0.02683604	-0.608020571	-0.167370478	-0.016912557	-0.568808372	-0.675469192	0.382537187	-0.224748334	1.164783848	-0.639461577	-0.641102463	-0.090652156	0.090684956	-0.555298802	0.484267863	-0.007134316	-0.421868529	-0.355528995	-0.021581421	0.737890987	0.062826287	-0.297059251	0.287806584
PRKAA1|AMPK_alpha	1.102119634	0.712005831	0.8217371	1.13819837	0.199574792	0.977014077	0.98000447	0.752267471	1.32042256	1.069351262	0.583483129	1.276405209	0.938785096	0.410076415	0.583689369	1.208106644	1.116009727	0.871365335	0.659615142	0.669691296	0.872710831	0.780487294	1.003123258	1.173462002	1.001239293	0.863014851	1.368392652	0.6191287	0.825135411	1.46004973
PRKAA1|AMPK_pT172	2.650082932	1.759699719	3.028621202	2.457022505	2.20595666	2.726849985	2.954336527	2.522531992	3.153814511	2.082147939	1.699243312	3.101608974	2.575609154	0.809232476	1.62542639	1.638573084	2.628552863	2.637646659	2.687054998	2.480644244	2.947953355	0.609453595	2.755538422	3.014946149	2.754425791	2.417696765	0.164833829	1.982424106	2.766607537	1.126500594
AR|AR	-1.049824225	-1.532413403	-1.080195684	-0.638901056	-0.808610878	0.23246495	-1.54588815	-1.448667532	-0.259030195	-0.818022808	-0.524402116	-0.506121014	-0.822298531	-0.922266836	-0.637054808	-1.022622267	-0.731898165	-0.914905468	-0.691216782	-1.449080356	-0.523244277	-1.130792913	-1.519810123	-1.323358752	-0.897405432	-1.267833222	0.57866118	-0.980099492	-1.277189987	-0.810895976
ASNS|ASNS	0.028330403	-0.299096705	1.421225906	-0.316312302	-0.557615558	-0.172842122	0.390415157	3.932547937	-0.913949591	-0.924237134	-0.728371635	-0.367582368	0.21791192	-0.29936316	-0.07978123	-0.447177932	-0.52560226	0.552094557	1.255612938	0.280877107	0.242790279	0.791405265	-0.427597598	-0.091739666	-0.282856258	1.336623797	-0.689323605	-0.285032385	0.286132964	1.12240891
ATM|ATM	2.148604501	2.111295982	0.735271819	1.667529549	1.131834566	1.859871133	2.075392771	2.004568221	1.411106156	2.251457522	1.10824256	3.010792082	2.050828527	1.035781391	1.657534313	1.351957893	1.987463365	1.846411364	2.676478964	2.058009301	3.330353271	1.358462183	2.063869511	2.002581674	1.356318552	2.712556927	0.797922207	2.039776484	2.37310828	1.00201107
BAK1|Bak	1.602302803	1.185144337	0.891761915	1.646307889	2.28804679	1.406848111	0.980703796	1.123024607	0.953723767	1.520076866	2.051545127	1.523699868	1.156924319	1.671270215	1.576348886	2.001638673	1.279787573	1.407870744	1.761162858	1.296861249	0.946950113	1.859006808	1.480778115	1.261001869	1.67542866	1.194908154	3.352351667	1.812982487	1.276338727	1.866163026
BAX|Bax	1.758050083	1.905460707	1.62245879	2.103582147	0.59456945	1.556359327	1.905616351	1.077529172	2.039678303	1.456515963	0.63869786	1.392486986	1.538415775	1.337745731	1.143033645	0.691202593	1.069517747	1.092627167	1.048782384	1.041496263	1.590446237	1.180532534	1.312017435	1.588587068	2.321534127	2.159106785	1.110641031	1.05039064	1.32395922	2.237322832
BCL2|Bcl-2	-0.506882651	-0.709652949	-1.202071711	-0.813984551	-0.033454807	-0.365752368	-0.513212518	-1.290080175	-1.125939216	-0.785926224	-0.300829732	-0.987434945	-0.83340865	-0.263645033	-0.540466986	-0.888527174	-1.018415648	-1.118341178	-0.286234456	-0.82725798	-1.050556305	-1.029510543	-1.035459863	-0.737473277	-0.729196003	-0.516066691	-0.759253584	-0.347879944	-0.792440737	-0.75308463
BCL2L1|Bcl-xL	0.150487064	-0.016043242	-0.159406458	0.359733272	-0.85666496	0.763565828	0.281986124	0.554438517	0.22041788	0.648706972	-0.587250027	0.15061676	0.68017677	-0.356134925	-0.049538982	-0.32120866	0.329969063	0.98835387	-0.124436831	0.1656217	0.198386563	0.140071789	0.407743631	0.064958171	0.421147963	0.119328435	-0.420935182	-0.290102244	0.86289639	0.367112586
BECN1|Beclin	-0.29773352	-0.534165374	-0.684500195	-0.582936223	-0.097754571	-0.630438178	-0.560033871	-0.342082577	-0.198299793	-0.176161879	0.011756865	-0.431712659	-0.66400801	-0.338691295	-0.368292841	0.909778216	-0.450729443	-0.638386647	-0.155978325	-0.608909111	-0.302366247	-0.046829299	-0.73587016	-0.619087054	-0.390870925	-0.550822631	-0.157067702	-0.18326943	-0.629837894	-0.122290315
CTNNB1|beta-Catenin	0.744364007	1.526848839	1.461181497	-0.240499928	1.825516649	1.990273409	2.019105391	1.847210478	2.072198602	2.733423486	2.333334323	1.95785594	2.147690172	1.596087433	1.963898021	-0.285292591	1.569796792	2.593756823	2.148074378	1.650627681	2.359739885	1.067271278	1.724379707	1.44159487	2.322975828	2.308657858	0.775655614	2.138256959	2.327016225	-0.624193502
BID|Bid	0.992093377	0.601624385	0.763344528	0.833741948	0.131337627	0.765559883	0.972489536	0.837110781	0.69739048	0.797373424	0.315964126	0.616046187	0.680581694	0.426237032	0.452580166	1.827992593	0.684321631	0.80035131	0.585181178	0.53156915	0.567832684	1.367322988	0.756162753	0.605910901	0.857068785	0.64169403	0.417395932	0.337574032	0.835283088	1.241018693
BCL2L11|Bim	0.168859926	0.610330938	-0.035801452	0.691719556	0.093292286	0.389725078	0.538799166	0.27211971	0.27579946	0.530926364	-0.023373421	0.119405101	0.764988446	-0.061537665	0.699780072	-0.499997811	0.021869492	0.258831279	0.172417513	0.276445835	-0.200016444	0.571272732	-0.093897617	0.863488383	0.787916053	0.780995532	0.043417136	0.227873395	0.124398714	0.043343597
JUN|c-Jun_pS73	-0.590173956	-0.600677336	-0.879713818	-0.191164135	0.256844458	-0.639102849	-0.703011379	-0.705154729	-1.078830157	-0.67602506	0.016091842	-0.60034965	-0.680380299	0.010208219	-0.146971521	-0.820885549	-0.866075407	-0.665820926	-0.257557157	-0.341453469	-0.809502367	-0.607274145	-0.86605386	-0.646914159	-0.7016452	-0.661008816	-0.209567737	-0.095823028	-0.838540711	-0.63763973
KIT|c-Kit	0.646362519	-0.107500982	-0.625063005	-0.071889454	0.150884918	-0.035813256	-0.467001333	-0.5848899	-0.437931178	-0.154176179	-0.025110192	-0.421520801	-0.477385236	0.025449162	-0.084806795	0.143036936	-0.386907487	-0.285156712	-0.187117841	-0.411774528	-0.322860631	0.805238322	-0.638264996	-0.346077244	-0.023146745	0.343084584	0.088617885	0.021779693	-0.424861005	0.082768594
MET|c-Met_pY1235	0.732101025	0.426031822	0.401008181	0.702096868	0.371534283	0.480191913	0.442851734	0.550652443	0.424185504	0.535358945	0.367925886	0.483388953	0.464008542	0.511746945	0.395989198	0.785036058	0.479585144	0.540819829	0.467707882	0.358133908	0.40463831	0.810085726	0.362754625	0.452624551	0.62283417	0.297218193	0.742004175	0.410744025	0.369002931	0.912491819
MYC|c-Myc	0.922282338	0.114643417	-0.278666651	0.778522685	0.793330758	0.702411522	-0.047483881	0.307945001	-0.057228432	0.950923206	0.769497829	0.383385786	0.1607344	0.57847827	0.438935012	0.398499498	0.148334935	0.730228611	0.494637972	0.159050771	0.436570318	1.509084903	-0.207438572	0.155041752	0.540555964	-0.281674098	2.585014021	0.605892623	0.276250196	0.727247534
RAF1|C-Raf	0.995106906	0.734686607	0.965384894	0.421796395	0.460575959	0.690217108	0.793173769	0.943308633	0.564777078	0.863563089	0.671725127	0.862112208	0.756456116	0.405746793	0.812138115	1.075959687	0.698638552	0.860596693	0.809120977	0.682001358	0.839440768	0.840542286	0.556847766	0.699127139	0.700481306	0.709549582	0.792250144	0.625861007	0.864864259	0.69966553
RAF1|C-Raf_pS338	0.616486827	0.151399881	0.300571191	0.570892345	0.110149624	0.195050319	0.157429872	0.265948992	0.080321561	0.236652836	0.176789416	0.111644083	-0.058336711	0.186368445	0.028634502	0.773972275	-0.012595002	0.119010433	0.059720007	-0.007231684	-0.200042412	0.706836076	-0.108275317	0.026182215	0.210932048	-0.255813092	0.230962246	-0.050239123	-0.020788777	0.617132255
CASP7|Caspase-7_cleavedD198	0.339381781	0.246074469	1.027041097	0.130581375	-0.499811222	-0.905786554	-0.888755326	-0.860065892	-0.799808958	-0.854279219	-0.529198331	-0.822180174	-0.893625414	-0.6672825	-0.634102624	0.423562927	-0.902989214	-0.646565972	-0.375087139	-0.411404927	0.118004351	-0.129731143	1.114179121	-0.715775415	-0.657309218	-0.721557523	-0.706634344	-0.764079225	-0.473856144	0.713375354
CAV1|Caveolin-1	1.587425459	0.934329713	1.347238619	0.914945375	0.488037305	0.754756453	1.399794326	0.611020736	1.415534303	1.443409705	0.634371734	0.544250072	0.172048133	0.712805827	0.62025224	3.765280483	0.725243753	1.205037189	1.007240167	1.124659467	0.324339818	0.426970568	0.765806797	0.839919425	1.38881228	1.122121162	0.723220217	1.176822308	2.695114994	1.850699679
PECAM1|CD31	-0.917004822	-1.291709359	-1.333670259	-0.85672086	-0.388653536	-1.122262466	-1.472478191	-0.897937947	-1.503183639	-1.198353422	-0.547051129	-1.088831184	-1.353709523	-0.611460239	-0.783107584	-1.061170367	-1.276414221	-1.055364642	-0.850231001	-1.295132707	-1.28784565	-1.032143513	-1.44220978	-1.199181219	-0.99044761	-1.522853338	-0.634041835	-0.762423017	-1.136155998	-0.867341352
ITGA2|CD49b	0.538469115	-0.811645604	-0.79547182	0.682875403	-0.424811637	-0.001018812	-0.49099317	0.245614889	-0.625088527	0.065101169	-0.482705326	-0.714594436	0.037503568	0.231659683	-0.194880772	-1.188397101	0.168148733	0.14410819	-0.534119933	-0.723996476	-0.263799136	-0.610620998	0.832205707	-0.541373606	1.286534481	0.195286415	0.210222953	-0.11560675	0.569740731	1.152570027
CDK1|CDK1	0.283689015	0.059308897	0.185229213	0.295745729	0.283037031	0.166027596	-0.077196416	0.128158397	-0.102288983	0.265129094	0.348076736	-0.0101865	0.037230639	0.206346148	0.071135154	0.291759221	-0.017986758	-0.033355657	0.056283116	0.012568064	0.044281551	0.482053148	-0.173249951	0.142071608	0.080880608	-0.208149112	0.594378424	0.216934297	-0.06749116	0.293100089
CHEK1|Chk1	-0.621039542	-0.583766095	-0.533996608	-0.558895059	-0.65920431	-0.643627953	-0.607798245	-0.584136028	-0.610025153	-0.538779407	-0.651002316	-0.557061845	-0.532957086	-0.603263792	-0.553106275	-0.53768234	-0.53397677	-0.622351138	-0.664533348	-0.622956595	-0.527140663	-0.523774341	-0.670118227	-0.517743095	-0.640881689	-0.481906037	-0.562372956	-0.642556226	-0.624198208	-0.576851749
CHEK1|Chk1_pS345	-0.395182674	-0.584861602	-0.561141582	-0.211066914	-0.154982676	-0.416592636	-0.633967725	-0.662499781	-0.582894176	-0.687089396	-0.115985898	-0.450106629	-0.474427753	-0.279475894	-0.298711048	-1.31765015	-0.506147574	-0.549879428	-0.433953509	-0.618517665	-0.479302615	-0.595797364	-0.715667725	-0.376118052	-0.558445862	-0.622655246	-0.369467084	-0.335736402	-0.404445837	-0.34697496
CHEK2|Chk2	-0.425642301	-0.829373397	-0.039755405	-0.583254958	-0.520134911	-1.139334794	-0.708048434	-0.951696171	-0.521386015	-0.845500809	-0.36898672	-0.805126664	-0.950191679	-0.191075493	-0.437248143	-1.518644661	-0.15775677	-1.137642993	-0.612143177	-0.48778189	-0.453008075	-0.736615402	-0.835237028	-0.532906353	-0.47863662	-0.227573029	-0.530886024	-0.376069624	-1.175114855	0.135590064
CHEK2|Chk2_pT68	0.212165645	-0.308990501	-0.308506625	0.082564835	-0.364859884	-0.291424128	-0.109553484	-0.252993961	-0.480748675	-0.254610097	-0.237531182	-0.395469103	-0.421193389	-0.340204734	-0.39574416	-0.330361711	-0.454572663	-0.417111006	-0.299367643	-0.577807134	-0.576903406	0.443811078	-0.452046929	-0.402049913	-0.190301803	-0.635312544	-0.241071079	-0.36441494	-0.431538239	0.25053409
BIRC2 |cIAP	0.888351551	0.54920584	0.824198577	0.91848602	0.313962863	0.70631529	0.434639641	0.419639571	0.659241719	0.72986918	0.242768198	0.720023291	0.358914626	0.413975208	0.652739918	0.599211349	0.877097854	0.298753292	0.779867169	0.658225967	0.836616966	0.441587346	0.629146894	0.654815798	0.99886803	0.352572892	1.857785872	0.366333048	0.854085551	1.030100871
CLDN7|Claudin-7	1.051107938	0.860942677	2.645964267	2.979846835	0.430988842	1.68411954	1.236854167	1.729567285	0.7647367	2.172181254	0.450501269	1.757833469	2.041890029	2.207711606	0.767517899	-0.304910574	2.029789711	2.775531174	0.083364157	2.249241037	1.002919772	1.395249828	1.610430674	1.891655709	1.846029614	1.109217258	1.40032826	0.349614827	2.295358272	1.641771722
COL6A1|Collagen_VI	0.577440598	0.166804008	0.08187158	0.401244104	0.217249793	0.192060238	0.558383288	0.194800053	0.222144546	0.163392862	0.289429464	0.061762947	0.39246781	0.381382276	0.204007099	2.252349966	0.206253268	-0.031591123	0.362346623	0.084496944	0.055274882	0.4137885	0.109303904	0.173959373	0.417451017	0.079257173	0.431035196	0.282647429	0.176668808	0.876157267
CCNB1|Cyclin_B1	-0.105136676	0.853436625	1.2648135	1.264052284	0.561160227	-0.660761895	-0.164004942	0.105834489	-0.393490587	0.324511639	0.383166823	0.67038748	-0.714336814	0.655492788	0.592193017	-0.324687814	0.660895714	-0.093103399	0.318855648	0.627314846	0.558285821	0.685596323	0.265153263	0.424778948	0.39654191	0.427989623	0.60115552	0.387452921	0.575975096	0.504151884
CCND1|Cyclin_D1	0.215547255	-0.050287206	0.103583841	0.071743	-0.138751586	-0.0214979	0.198144505	0.054492349	-0.033489127	-0.112977502	-0.019609961	-0.145472394	-0.075914824	-0.03505915	0.053427162	0.44518826	-0.166782433	-0.195353973	0.271210674	-0.171757961	-0.211686295	0.243735732	-0.061036212	-0.228226597	0.126003064	-0.020968006	0.165528201	-0.057519686	-0.059897623	0.369657937
CCNE1|Cyclin_E1	-0.57415674	-0.163733556	-0.874299375	0.381101722	-0.29769636	-1.328306252	-1.127822624	-1.407305737	-0.026118618	-0.834726165	-0.42182362	-0.812699618	-1.152862482	-0.195768956	-0.555047999	-1.512253298	-0.381951407	-1.116381794	-0.344817414	-0.654684495	-0.653594896	-1.176955633	-0.651220802	-0.416173755	-0.656496	0.220689254	-0.42780347	-0.377689262	-0.237252316	-0.013124402
PARK7|DJ-1	1.162021071	0.826784935	0.669728121	1.131737905	0.355007579	0.693914854	0.569800249	0.086293056	0.778503578	0.781970984	0.551010422	0.443138438	0.605838325	0.490120619	0.620837389	1.201235287	0.792499137	0.562459639	0.266730234	0.526430656	0.171302392	0.136344461	0.985666289	0.789285069	0.89448536	0.233201602	0.820437875	0.446898679	0.712521931	1.1820645
DVL3|Dvl3	0.161650905	0.651700047	0.102901368	0.12278732	0.241741433	0.59933024	0.118470384	0.477987323	0.36501541	0.958181335	0.422573321	1.662838503	0.766185607	0.352456764	0.729114954	-0.691105842	0.810240511	0.7875205	0.333279725	0.472193619	0.311518591	0.038621073	0.658262426	0.656525933	1.244205652	0.412730826	0.113934584	0.306126195	0.561468387	0.42202628
CDH1|E-Cadherin	0.296783807	0.837739922	1.149056558	0.64097015	1.111731047	1.017893872	1.24034629	1.573874966	0.704325694	2.150428913	1.077828271	1.870305062	2.089595973	0.572588817	1.425822442	-1.08465336	1.617100661	1.639598422	0.349657665	1.73255478	2.25600303	0.955921843	1.145235044	1.199109485	1.358444572	1.353278775	0.716817505	1.393368547	1.538134995	-1.201408049
EEF2|eEF2	0.747264802	1.092449139	0.812861214	1.436311188	0.35247054	0.790588663	0.378171479	0.619855924	1.327912058	0.596491445	0.382503988	1.12470465	1.022860043	0.583362869	0.687395775	-0.515121315	1.443667674	0.509677365	0.626085609	0.689668482	0.565361311	0.226833524	0.864684803	0.873204253	1.544818959	1.034558927	0.898848295	0.710873919	1.008459326	0.645658691
EEF2K|eEF2K	-1.099211097	-0.771512785	-0.968519902	-0.827010104	0.212947365	-0.441708821	-1.374301811	-0.564187	0.029383072	-0.11621383	0.360952773	0.375044493	0.281245546	-0.288643319	0.504248137	-1.141562774	1.326218565	0.39627976	0.00810452	-0.693164657	-0.236948037	-1.090095053	-0.211583408	-0.414424018	-0.343527949	-0.238323714	-0.646036222	-0.090915057	0.194986576	-1.507684159
EGFR|EGFR	0.156431521	0.311723318	-0.063411576	-0.027478043	0.214945573	0.560922342	0.098709122	0.080053649	0.327989301	0.406120162	0.321266896	0.140023314	0.568527836	0.049468058	0.670571295	0.707407081	0.640979258	0.068221135	0.157020248	-0.027233446	0.228791868	0.244202299	0.323791701	0.079971571	0.028788901	0.418948165	0.227959628	0.23524687	1.121342088	0.497497634
EGFR|EGFR_pY1068	-1.832299251	-1.835684243	-2.181948388	-1.465925202	-0.34957253	-1.795182917	-2.140912944	-2.096536099	-2.246001558	-1.936853378	-0.677445526	-1.762074293	-2.065239504	-0.915451457	-1.151142147	-2.221945696	-1.779852487	-1.733972007	-1.40044211	-1.57836868	-1.975929635	-1.713362815	-2.0607712	-1.817077343	-1.919278273	-2.358896646	-1.292467633	-0.993181982	-1.976127307	-1.759205215
EGFR|EGFR_pY1173	0.674071256	0.389033798	0.446051355	0.656371698	0.109546262	0.549360466	0.403947262	0.537825093	0.402698307	0.58739722	0.249188615	0.543527703	0.464523143	0.383689471	0.376069751	1.398923135	0.518737962	0.508017921	0.30374742	0.383152244	0.447249156	0.707643454	0.482873929	0.450363465	0.591158912	0.349290313	0.651122217	0.345971019	0.496047737	0.835294788
EIF4E|eIF4E	1.008279657	0.694746228	0.836280273	1.310225002	0.34566036	0.479244963	0.421774362	0.440916473	0.394645558	0.54921357	0.281046627	0.770848635	0.557554054	0.411189096	0.196342202	0.269555628	0.589760744	0.377463217	0.150561279	0.45643428	0.077784886	0.128517687	0.629990555	0.814725775	0.741415567	-0.020558809	0.242977567	0.129114312	0.334906679	-0.086334717
ESR1|ER-alpha	-1.324038729	-1.507498921	-1.938468057	-1.141736673	0.202934283	-1.570594186	-1.64790813	-1.744676229	-1.841694724	-1.656465048	-0.046171995	-1.49476315	-1.7849026	-0.685055686	-0.78769163	-0.508577088	-1.855538386	-1.465040497	-1.023155408	-1.604634068	-1.905171807	-1.143628074	-1.952481604	-1.482148509	-1.561033123	-2.027189849	-1.064039378	-0.575179688	-1.780949949	-1.234930948
ESR1|ER-alpha_pS118	-0.304545692	-0.385256742	-0.46747163	0.117081644	-0.482024557	-0.052033295	-0.46536913	-0.456943021	-0.327469076	0.047794299	-0.283567722	0.224957168	-0.217771908	-0.256169783	-0.00443517	-0.03135935	0.243797801	0.135094601	-0.269802076	-0.262170907	0.129036776	-0.315950206	-0.455590454	-0.213565417	-0.143507758	-0.347713354	0.801995656	-0.241022781	-0.211797975	0.107085202
MAPK1|ERK2	1.637233909	1.169911947	1.005862755	1.340230322	1.699564438	1.096754086	0.685187575	0.845921901	0.729669521	1.302745141	1.435701154	1.340410658	1.023353962	1.223868868	1.13326119	1.623626317	1.463619932	0.997767556	1.153197563	0.907702596	0.918075388	0.813078427	0.890365018	1.240586751	1.269344499	0.889710616	2.18311821	1.401692261	1.021016928	1.501087239
FN1|Fibronectin	0.538297704	-0.408302926	0.411058062	0.822112457	-0.769474827	-0.301263174	0.73277773	0.832593175	0.234113471	1.543024794	-0.712469249	0.705281691	0.449633824	1.083499753	0.493620941	0.481751778	0.004359085	0.28106335	-0.20218329	-0.61961167	-0.0503925	1.759757664	-0.223277878	-0.718561799	1.346059011	-0.057805458	0.631932399	-0.084208806	-0.456659172	2.121215915
FOXO3|FOXO3a	-0.076026609	-0.289082195	-0.49169228	0.166927907	0.336086233	-0.486343391	-0.360664501	-0.489412105	-0.431103645	-0.131513395	0.221481656	-0.3080742	-0.421533009	0.163066543	0.110697383	0.148817677	-0.409317469	-0.297436953	-0.075848229	-0.424130388	-0.468265747	-0.012591864	-0.618733511	-0.363618739	-0.155123299	-0.702358021	0.183807562	0.144154781	-0.550243177	-0.011237022
GAB2|GAB2	0.407040166	0.136303148	0.911972068	-0.28215492	0.132738344	0.320403353	0.602837398	1.319876633	0.86403915	1.143494859	0.07110243	1.324328051	0.901764947	0.694041895	1.227956788	0.479856169	0.715674938	0.665450718	1.437919929	0.917111367	1.920978345	2.662165481	0.845118033	0.687873095	0.86973839	1.59423484	0.316660471	0.657630317	1.079695388	-0.478851389
GATA3|GATA3	0.2436863	-0.01869407	-0.274754965	0.12958963	0.45617123	-0.017021321	-0.181452217	-0.093154418	0.032450014	0.129132797	0.402165612	-0.018465995	-0.136053468	0.255455493	0.21964295	1.409462299	0.000562226	-0.104436643	0.292985801	-0.137625656	0.062967494	-0.176845924	-0.566169469	-0.140690646	0.137754833	-0.068046509	0.07089479	0.256414263	-0.419907839	-0.019175728
GSK3A GSK3B|GSK3-alpha-beta	1.138996547	0.889942255	0.902242959	1.29908535	0.01093612	0.997493602	0.824907871	0.552340216	1.487265068	0.974828767	0.107150258	0.734466265	0.885674275	0.472355289	0.434049112	0.187715094	0.757840265	0.574480123	0.446819913	0.579350987	0.82375144	0.209722792	0.780893148	1.214305744	1.053404208	0.883232539	0.904186727	0.44121848	0.881359942	1.438334158
GSK3A GSK3B|GSK3-alpha-beta_pS21_S9	1.327912694	1.62362078	1.449876268	1.067625919	1.915259475	0.979140124	1.424496777	1.178794859	0.871211352	0.746268729	1.532697272	0.935434807	0.313349391	1.377152573	0.779969136	0.281917098	0.476433553	0.780589854	1.19431858	1.259591011	0.902650612	1.06291792	1.097599961	1.30861731	0.867375625	1.586608845	1.796486215	1.423592262	0.968004712	1.126156933
ERBB2|HER2	-0.166346617	0.046442128	-0.317498652	-0.159184545	0.738269707	1.06227696	0.511317418	0.183902772	0.149397102	0.667918606	0.695163563	1.363570373	1.190172799	0.052138504	0.264767707	0.35705852	0.981720345	0.776724435	0.164843596	0.148341605	0.086259136	0.104718354	0.510931777	0.712535569	-0.095545507	-0.022583277	-0.388189701	0.272701743	0.640623521	0.125905892
ERBB2|HER2_pY1248	-0.218273187	-0.640524102	-0.460537792	-0.293451876	-1.556700383	-0.002176444	-0.321648673	-0.286928234	-0.541022816	-0.19613971	-0.84599043	0.087055546	0.051847193	-1.056875065	-0.662899473	0.76890979	0.066654428	-0.175151106	-0.250570618	-0.680403985	-0.459981199	0.258631416	-0.389132451	-0.436172166	-0.595836263	-0.653142003	-0.373380186	-1.039585045	-0.285305773	0.391086224
ERBB3|HER3	-0.17185077	-0.017316301	1.420549678	0.045945993	0.1397334	0.306279707	0.134948312	0.428171937	0.231408267	0.637488593	0.136169918	0.521572857	1.089194265	0.132322804	0.701040698	-0.065803182	0.834748993	0.763740533	0.312211888	0.469907129	0.485589307	-0.036728088	0.283941063	0.327875863	0.145437705	0.395245609	0.220330686	0.107285373	0.188791989	0.220822862
ERBB3|HER3_pY1298	1.01988407	0.509539842	0.595557315	0.808293241	0.186578263	0.526907479	0.713517071	0.646781403	0.51319612	0.837479825	0.305898423	0.436132577	0.646396551	0.314498426	0.405285052	0.79000652	0.471025702	0.528254992	0.407689914	0.322417147	0.220705414	0.796533517	0.510313959	0.553519669	0.886784484	0.550410701	0.712772904	0.280685087	0.622728403	1.277238185
HSPA1A|HSP70	1.390958248	0.207412174	0.644567247	1.249938929	-0.298181189	0.869845225	1.101042447	0.570829331	0.034077479	-0.107311297	-0.418546336	-0.161595383	-0.29154117	-0.07770431	-0.310246567	1.396339329	-0.043750632	-0.112558225	0.486282401	-0.271137458	-0.132163305	1.154048354	0.317145477	-0.00798685	0.331408043	-0.427283971	-0.343466181	-0.302941728	0.421584453	0.506467582
IGFBP2|IGFBP2	0.874328039	0.286100004	-0.0452199	-0.002059463	1.054970069	0.334830636	0.116044089	1.555361712	0.180279994	0.154270824	0.423864848	-0.108927681	0.134494361	0.463412342	0.459698823	0.089021416	0.265517254	1.178166823	0.136706762	0.555786742	-0.248527426	1.331310759	0.586944883	0.31245243	0.033447025	0.517874474	0.956867004	0.567603094	1.801391977	0.070577435
INPP4B|INPP4B	0.108296283	-0.658584255	-0.889434072	0.120091383	1.195254151	-0.917268383	-0.127254656	-0.930786324	-1.610370879	-0.803576409	1.262244531	-0.983005114	1.894809673	1.357106425	0.541817734	0.361846126	-0.217209647	-0.671404576	0.169310297	-0.614950892	-1.532054983	-0.592020719	-1.660013734	0.026681582	-0.578210531	-1.657107039	0.21507933	0.927488408	-0.773142475	-0.842754534
IRS1|IRS1	-0.116868312	-0.470385446	-0.388614883	-0.23906764	-0.249688175	-0.39010134	-0.372442181	-0.445095123	-0.19264145	-0.414913974	-0.057793215	-0.434926142	-0.10631374	-0.183657505	-0.242008456	0.451162727	-0.465304811	-0.326269849	-0.167100267	-0.574279827	-0.514955658	0.292120843	-0.586971552	-0.388673651	-0.229042148	-0.632814947	-0.017110925	-0.088285768	-0.260875879	0.096178026
MAPK8|JNK_pT183_Y185	-0.067527843	-0.257180171	-0.336945941	0.075017326	0.01611448	-0.337728904	-0.527488048	-0.043974559	-0.742092913	-0.462816535	-0.045323611	-0.503161327	-0.71448714	-0.151150855	-0.336577987	-0.561647696	-0.675616029	-0.599292117	-0.257508579	-0.413771061	-0.63256152	0.038546682	-0.453613592	-0.40180996	-0.29359744	-0.582291017	-0.190732199	-0.185367346	-0.681311333	0.082699535
MAPK9|JNK2	0.456553921	0.597088767	0.281420004	-0.774592544	0.434052991	0.460712626	0.453538318	0.373529394	0.634446363	0.536990488	0.282076222	0.454174622	0.453837216	0.38498499	0.607800869	0.414478689	0.644744136	0.630369657	0.501987386	0.735937272	0.698706844	-0.300602069	0.631238964	0.416021399	0.84631599	0.721717991	0.052618824	0.352577872	0.804279653	-0.151473397
XRCC5|Ku80	1.253918359	1.792033106	1.301846207	1.324624813	0.570149916	1.450890561	1.150675423	1.332473652	1.560622697	1.789220756	0.916394341	1.837800092	2.212935591	0.59105834	1.861297921	0.748292756	2.649735336	1.745656118	1.246399427	1.690650974	1.868110884	1.18987914	1.863459659	1.825634648	1.567986552	2.119623017	0.209133904	1.388409007	1.855680185	0.856053553
LCK|Lck	1.629778967	1.162169844	1.012807081	0.830773592	0.607647344	1.027503617	0.637239368	0.803040559	0.784979921	0.492358383	0.406779029	0.447272536	0.800727849	0.615662638	0.416447241	1.871286545	0.517915208	0.41359303	1.154721625	0.733091628	0.756048798	0.95313508	1.089311424	1.024461107	0.779447504	0.448402725	0.669492476	0.799986239	1.065874115	0.925830279
STK11|LKB1	1.163547844	0.542626615	0.723071395	0.833821352	0.138522239	0.717525058	0.658635327	0.802226343	0.456820366	0.650822341	0.251188255	0.355059086	0.412216889	0.328635794	0.327143952	1.347501633	0.573064842	0.391262232	0.60661139	0.258541919	0.429951608	1.065507609	0.547223532	0.511247129	0.796468061	0.203358344	0.552244314	0.317889091	0.499989628	1.138663479
MAPK1 MAPK3|MAPK_pT202_Y204	-0.280568416	-0.667482493	-0.89448991	-0.214449362	0.209969377	-0.581717243	-0.113456853	-0.461634798	-1.099515901	-0.72432217	-0.036042961	-0.603210645	-1.023071722	0.12449402	-0.462871624	0.950592603	-1.068135249	-0.873725294	-0.252928849	0.125420281	-1.057506195	-0.608948726	-0.747218139	-0.742266123	-0.865733773	-1.189909215	0.022768467	-0.20854444	-1.107522083	-0.452527661
MAP2K1|MEK1	0.691939604	0.823967366	1.249724599	-0.690554946	0.330246154	0.882776088	0.69976651	0.857920863	0.5258644	0.649672012	0.21547768	0.501311302	0.354192755	0.446174511	0.34860826	1.03985374	1.29027054	0.644444862	0.545695883	0.870798112	0.63936342	0.708470371	0.964578806	0.791703017	0.883712518	0.706398118	0.124310072	0.191344909	1.503988288	-1.383525187
MAP2K1|MEK1_pS217_S221	0.514303233	0.097694494	0.05428588	0.309547548	-0.759601991	-0.019814578	0.458654976	0.433680373	-0.247811719	-0.094664392	-0.634356351	-0.472190013	-0.387257662	-0.189255191	-0.612540127	1.688898091	-0.408757798	-0.490579581	-0.130168383	0.116665593	-0.393621143	0.599792252	-0.012364615	-0.313106918	0.077949513	-0.489170911	0.097170608	-0.49369424	-0.409885497	0.723215164
ERRFI1|MIG-6	0.327111992	-0.010051595	0.01380472	0.355654429	-0.099838421	0.02665524	0.197402501	0.341677078	0.140658528	0.21163841	0.225736202	0.268078434	0.095552719	0.103501425	0.045492068	0.160140382	0.05982304	0.019278134	-0.003538706	-0.069339272	0.577451356	1.039215281	0.219731587	-0.031458024	0.341299491	0.047369963	0.840883192	0.121476082	0.11151771	0.547410051
MRE11A|Mre11	0.409788247	0.113204458	0.068938325	0.359347056	0.300527615	0.235657468	0.237764017	0.086190707	0.044534451	0.180831895	0.340493825	0.119071419	0.04665862	0.284138311	0.104883647	0.899527239	0.150431226	0.141871213	0.359867863	-0.00083924	0.084493162	0.620971133	0.134142496	0.117073341	0.272312601	-0.076848504	0.211365939	0.266381712	0.152140366	0.527051027
MTOR|mTOR	0.778535558	0.676985424	0.735493933	0.699609458	0.866525854	1.337186597	0.622266199	0.325828218	0.532462968	0.880219601	0.791870095	1.710189257	0.800192875	0.564262316	0.774528962	0.52341005	1.075177068	1.089731643	0.867462272	0.99562286	1.227065357	0.313487734	1.09558557	0.872253041	0.880355578	1.409883595	1.05087218	0.848664523	0.736544834	-0.338925484
MTOR|mTOR_pS2448	-0.589963389	-0.638736038	-0.824348168	-0.262895432	-0.02948498	-0.473309016	-0.860872864	-0.914885389	-1.131750504	-1.056519364	-0.128219524	-0.661148627	-0.76534042	-0.279974295	-0.470066068	-0.417229211	-0.746162614	-0.74702665	-0.442684666	-0.633126163	-0.803112346	-1.231797102	-0.875318403	-0.73350058	-0.646418912	-0.700593712	-0.513410198	-0.27600358	-0.777064124	-0.903746821
CDH2|N-Cadherin	0.212371727	-0.154361849	-0.484991559	0.009013411	0.581032199	-0.22593936	0.135654441	-0.472569012	-0.349841579	0.009952588	0.433745071	-0.520531875	-0.599957551	0.258013323	0.105374718	0.993801771	-0.379894016	0.08132987	0.640405017	-0.603055854	-0.655384379	0.542244086	-0.451184247	-0.459484803	-0.086255498	-0.80815067	0.084982967	0.188718102	-0.182158602	0.281655098
NFKB1|NF-kB-p65_pS536	0.618288612	-0.145776639	-0.021950536	0.116727965	0.791115567	-0.337901657	0.573232548	1.351231118	0.241710471	-0.064751012	0.531602695	-0.178530374	-0.667585017	0.116049393	0.008779831	1.365998364	-0.233058402	-0.078529726	1.221106854	0.168369827	0.795161526	1.177457861	-0.094365533	-0.218362167	-0.17331675	0.05132615	-0.074759133	0.496433264	0.32438892	0.293916944
NF2|NF2	0.679798031	1.079720786	1.23453872	0.213050174	0.007737005	1.024522995	1.300422602	0.707308008	0.90083139	1.072087636	0.321795571	1.306457822	0.976692673	0.849827407	0.870337572	0.555662628	1.410293457	0.795985128	0.55905688	1.010060322	0.647460696	0.431997568	0.753541453	1.012632501	1.33171292	1.359817778	0.791266525	0.711154602	0.623586961	0.966646008
NOTCH1|Notch1	-0.409422278	-0.704822517	-0.854910801	-0.553960158	0.021334467	-0.643357234	-0.783107802	-0.812996625	-0.860147449	-0.149602277	-0.188343272	-0.472530047	-0.760391032	-0.281315733	-0.382006964	-0.008398775	-0.756984479	-0.3224404	-0.298867636	-0.803983003	-0.747782615	-0.132437194	-0.689265602	-0.596140184	-0.377034605	-0.918355634	-0.281074773	-0.286337702	-0.716778348	-0.315769555
CDH3|P-Cadherin	-1.291232768	-1.478192177	-1.577705157	-1.439992388	-1.316358622	-1.434497011	-1.472733548	-1.458038126	-1.486056676	-1.467359451	-1.34685906	-1.523030933	-1.462045654	-1.424568888	-1.420801604	-1.404683065	-1.511480602	-1.378630642	-1.462487051	-1.528136069	-1.479004325	-1.379351909	-1.554058982	-1.507071255	-1.467507425	-1.521232644	-1.388338968	-1.443211606	-1.465542952	-1.395403288
CDKN1B|p27	0.458454967	0.255355491	0.454715264	0.227942386	-0.168296599	-0.150034022	-0.129051131	-0.441343723	-0.204550428	0.672956468	-0.166591175	-0.331251776	-0.424944273	-0.01594869	-0.354418336	-0.703343509	-0.009411249	0.086636901	-0.050598779	-0.227199602	-0.221986809	0.008351671	-0.115616314	0.16427163	0.181919669	-0.432230669	0.257544784	-0.092049425	0.165389355	-0.332593122
CDKN1B|p27_pT157	-0.213189473	-0.163872795	-0.455642841	-0.072615191	0.280042666	-0.259532075	-0.373581019	-0.326199323	-0.420351212	-0.264213183	0.134196325	-0.170318792	-0.121180086	0.048085914	0.00350523	0.036928344	-0.169027696	-0.204187048	0.008412978	-0.241229792	-0.262961729	-0.084576241	-0.460539464	-0.227869585	-0.227089335	-0.397490621	-0.022613901	0.074550653	-0.285310064	-0.292559586
MAPK14|p38_MAPK	0.750494668	0.51489174	0.652713853	0.792520598	-0.299702017	0.588970109	0.421594088	0.323578245	0.595267331	0.428244035	-0.291408057	0.693176906	0.417508446	-0.180745796	-0.150978624	0.348982694	0.440250904	0.231352095	0.276835627	0.216596976	0.452698562	-0.287719686	0.26997003	0.451006931	0.482417202	0.398486347	-0.327410556	0.020425965	0.078424836	0.57542715
MAPK14|p38_pT180_Y182	1.422158168	1.524976945	0.946086075	1.740053613	0.01715333	-0.300377799	0.50273018	0.979039837	0.136519148	-0.385270318	-0.33111384	-0.154752307	-1.0546896	0.443019873	-0.669183538	-0.159291671	-0.486817987	-0.922747233	0.458896942	0.617768543	0.198871488	0.192090443	0.419830998	0.532320268	0.493611448	-0.215068976	-0.597354675	0.350153701	-0.396243492	1.584388027
TP53|p53	-1.019108503	-1.025660293	-1.047296644	-0.310964452	0.897019386	-1.228873833	-1.555828123	-1.508375333	-1.547269059	-1.028031996	0.723529902	-0.819024169	-1.240251274	0.295498966	-0.035720993	-2.040196928	-1.191796473	-0.897304859	-0.330967354	-1.122156726	-1.739307242	-0.92931397	-1.62229629	-0.677159608	-0.932838316	-1.819212863	-0.434761277	0.285892681	-1.404032156	-0.777994221
RPS6KB1|p70S6K	-0.212788255	0.260645963	0.033450641	-1.192052582	0.306637736	0.603596484	0.386457193	0.201151165	0.613170649	0.284069764	0.358056348	0.713758889	0.476054341	0.061901163	0.808201054	-0.725337305	1.448907104	0.388469144	0.262273477	0.455878224	0.353479914	0.038185845	0.566800711	0.629365692	0.759668968	0.495483888	-0.09974099	0.202440386	0.648873883	-0.312065525
RPS6KB1|p70S6K_pT389	-0.319384005	-1.372639261	-1.29167221	-1.017848571	-0.280721099	-0.448890753	-0.92543501	-1.451934774	-1.33045655	-1.238663207	-0.357316297	-0.749835317	-1.393215369	-0.816994381	-0.867888265	0.432101189	-0.953842935	-0.792087043	-0.380719551	-1.293302542	-1.421741534	0.105229089	-1.188958863	-0.886926266	-1.034906417	-1.760825319	-0.980723012	-0.708927898	-1.093316717	-0.235938685
RPS6KA1|p90RSK_pT359_S363	-0.121725446	-0.611111206	-0.115892781	-0.392144686	0.14059606	-0.554011631	-0.298927447	-0.582889356	-0.757574314	-0.556231895	-0.033456079	-0.720289209	-0.72078579	-0.118927778	-0.337198153	-0.092728848	-0.736635728	-0.407825723	-0.066844647	-0.629711194	-0.569636195	0.221810374	-0.845044409	-0.571941736	-0.39595274	-0.922181086	-0.392791631	-0.164934527	-0.669100809	-0.150326608
SERPINE1|PAI-1	0.237219213	0.23989208	-1.967538775	0.970152574	-1.766934304	-0.714280492	1.160248374	1.573740457	-1.537298188	0.198166702	-1.91042646	-1.535458307	0.011432239	-0.396359997	-1.67253342	-2.592725217	0.526035383	1.031278827	-1.443851057	-0.831312115	-0.625807464	1.162094524	0.847064592	-1.924985816	0.649568955	0.797299267	0.936351676	-1.003904088	2.405098807	2.447793968
PXN|Paxillin	-1.009928264	-0.779949099	-0.881911554	-0.748049939	-0.320559094	0.082575938	-0.169027073	0.098885973	-0.534833973	-0.056237717	0.016282587	0.146241617	0.460886234	-0.819619221	0.627027275	-0.489610103	1.005528974	0.359969081	0.204294448	-0.165701797	0.523219314	-0.618124863	0.305304916	-0.220042715	-0.575131414	0.480826435	-0.892213493	-0.042014982	0.601995109	-0.894030258
PCNA|PCNA	-0.986274409	-0.924015489	-0.710060934	-0.698955441	-1.524191076	-1.740051502	-1.255296556	-1.308724236	-1.20979026	-1.171304338	-1.398163238	-1.528580357	-1.044077249	-0.880772732	-1.027380296	-1.366088882	-1.068795367	-1.618908289	-1.052262186	-1.059473097	-1.200256821	-1.043948377	-1.45573532	-1.273766318	-0.810108067	-1.08057056	-0.775374676	-1.036784875	-1.19835147	-0.866937667
PDK1|PDK1_pS241	0.646614211	0.955324871	1.484842113	0.817174145	0.056293837	0.884338358	1.14500759	1.031058747	1.045208863	1.36970522	0.147534239	1.322469713	1.123610188	0.52537097	0.903928418	0.543649778	1.38064397	1.255990604	0.929397777	0.648618313	1.119455531	0.052882738	1.166699038	0.991089063	0.777277232	0.612911582	0.042685315	0.504804927	1.005179765	0.918304247
PEA15|PEA15	1.3966934	1.251966413	0.705376177	1.201874885	-0.208115133	1.140355981	0.848451341	0.905122451	0.876401725	1.335392786	0.258095326	0.617487331	1.207703584	0.533139853	0.467562712	2.153585473	0.591460236	0.9117113	0.678242055	0.737604784	0.967704614	0.257682659	1.225118205	1.014959436	1.188473007	1.015899576	1.488427496	0.436661639	1.274982939	1.928591682
PIK3CA |PI3K-p110-alpha	0.088944542	0.069905408	-0.2377659	0.315941237	-0.315730679	-0.141679638	-0.512554907	-0.767814224	-0.451429845	-0.086762364	-0.252937705	-0.159905373	-0.07701085	-0.033958876	-0.2140863	-0.773555676	0.012161206	-0.384972879	-0.229168257	-0.310920046	-0.46349839	-1.104632231	-0.176261518	-0.043470467	0.075366478	-0.333405306	-0.268086983	-0.190473417	-0.121848919	0.096809599
PRKCA |PKC-alpha	-0.260486731	-0.016223956	0.278339512	-0.575288525	-0.231331807	-0.47266956	0.480837297	-1.00966836	0.376206371	-0.219354508	0.220471459	-0.049221807	1.379030707	-0.512436631	0.57953803	-0.099840883	1.247237831	-0.736517173	0.305320925	0.161718438	-1.260121425	-0.49233425	-0.309086351	-0.101904703	-0.873450054	1.068527889	-0.565764082	-0.12670685	0.539135521	0.156666931
PRKCA |PKC-alpha_pS657	-0.216053753	-0.002126595	0.207693419	-0.536712983	0.074164088	-0.368184645	0.620855618	-0.860521028	0.418639331	-0.182361364	0.527444882	-0.067167419	1.396845303	-0.406805057	0.527761958	-1.008548588	1.213743456	-0.674273211	0.332468021	0.178620954	-1.161893393	-0.484682705	-0.100845271	-0.092687043	-1.040555053	1.046212754	-0.690717632	0.006268711	0.49458353	0.302283122
PRKCD|PKC-delta_pS664	-0.499870161	-0.517975833	-0.200560235	-0.628620957	-0.199908641	-0.192479051	-0.361290561	-0.463322691	-0.602146886	-0.184965135	-0.327608471	-0.305268595	0.013241962	-0.524303345	-0.298287753	-1.186530021	-0.085411262	-0.216184608	0.11949091	-0.119130693	0.03927953	-0.601356843	-0.329629311	-0.228313625	-0.678988399	0.129350822	-0.235264456	-0.242044096	-0.124745745	-0.771045929
PGR|PR	-0.462558719	-0.646733142	-0.775181968	-0.4000052	-0.401381536	-0.641607368	-0.705953996	-0.595591474	-0.63537547	-0.598397413	-0.344947085	-0.72749265	-0.705832049	-0.423843468	-0.572075595	-0.246854795	-0.646811126	-0.618771016	-0.624159869	-0.774435596	-0.734107448	-0.408829856	-0.814991632	-0.703655689	-0.516488688	-0.894291955	-0.460964731	-0.49239462	-0.678122747	-0.390205223
AKT1S1|PRAS40_pT246	0.23035967	0.294292288	0.111822319	0.444883001	0.401986313	0.320716193	-0.019652116	0.331516603	0.18832682	0.399214832	0.292945876	0.305012618	0.209371024	0.283057871	0.179255626	0.536844207	0.200451822	0.186267113	0.201316165	0.326301428	0.124694255	0.300742378	0.273415293	0.444843162	0.104185671	0.181529773	0.347648881	0.321356029	0.152690599	0.413776572
PTEN|PTEN	-0.87971904	0.297550983	0.52315468	0.346968394	0.515488493	0.92966811	0.971833848	0.662911459	0.832625662	0.509361378	0.609960908	0.85439988	0.639089538	0.21344686	0.600099252	-0.921793805	1.035501626	1.058400182	0.343324796	0.598984269	0.889469061	-0.862837209	0.472041403	0.916957033	0.737547374	0.484540894	-0.724677355	0.428632029	0.393269501	-1.550641606
RAD50|Rad50	0.190257694	0.121080945	-0.194483749	0.911646949	0.194970129	-0.046658624	-0.011141401	-0.332724625	0.454317926	0.321172275	0.135918568	0.332437106	-0.21973443	0.462834432	0.031871203	-0.63746493	0.122696835	-0.247138196	0.31400629	0.072102622	0.203021013	-0.430394232	0.020410945	0.084521817	0.313670807	0.192243341	-0.129995534	0.344593742	-0.142067603	0.350723747
RAD51|Rad51	0.221310224	-0.664922854	-0.399261622	-0.465498447	0.044410016	-0.466955562	-0.068442555	-0.531840274	-0.608924008	-0.479475038	-0.125767283	-0.925434755	-0.843618864	-0.178875738	-0.330990375	0.690518033	-0.92204521	-0.68001785	0.32247239	-0.731512738	-0.674962199	1.055529299	-0.640759239	-0.556975024	-0.262773934	-0.967076441	-0.486705844	-0.209767752	-0.648083045	0.076059051
RB1|Rb_pS807_S811	-0.237092177	-0.304744885	-0.05267931	-0.320826057	-0.122486262	-1.489261377	-0.458171937	-0.703522063	-1.750493012	-1.340314347	-0.298536689	-0.774393919	-1.338062515	-0.086656003	-0.707118182	-1.648382175	-0.941435345	-1.083054294	-0.508835014	-0.672828535	-0.886861002	-1.365995675	-1.37784396	-0.45436731	-1.243048016	-0.380399687	-0.993619858	-0.364866458	-1.29566091	-0.179202638
RPS6|S6	0.4432482	0.683851145	0.134845074	0.954204393	-0.479678069	0.971768689	-0.238442303	0.029319571	0.229812621	0.619000575	-0.078774091	1.501059778	0.834301727	-0.189205627	0.59737766	-1.056946871	1.132854738	0.856832697	-0.370642091	0.451488632	0.939769042	0.067151454	0.583592265	0.592411569	0.35103325	1.038564294	0.963614633	0.105130352	0.708191755	0.11565639
RPS6|S6_pS235_S236	-1.599287024	-1.047510682	-0.959120773	-0.824200605	-0.022848176	-1.392770341	-2.034267551	-1.929660015	-2.081210443	-1.931277733	-0.302160651	-1.488651725	-2.012484462	-0.278568178	-0.810319783	-0.455339366	-2.267343406	-1.625424102	-1.132225827	-0.615374175	-2.107483663	-2.553656229	-1.7648068	-1.180601814	-1.601635764	-0.554194974	1.074698447	-0.468244936	-2.126970582	-1.661614352
RPS6|S6_pS240_S244	-2.275338392	-1.655321713	-1.600085847	-1.32587047	0.198322267	-2.236206457	-2.587824943	-2.245605225	-2.432626842	-2.240542005	0.230056304	-2.062181708	-2.438897598	-0.554496502	-0.961277162	-0.579011505	-2.825573033	-2.258207004	-1.411286255	-0.996608869	-2.481817543	-2.34058479	-2.695158775	-1.794049168	-2.059241312	-0.576422632	1.233860909	-0.522100929	-2.790666046	-2.71741298
SHC1|Shc_pY317	-2.310537784	-2.147578175	-2.242542849	-2.195007375	-1.641566463	-1.859511227	-2.27166576	-2.031398646	-2.026346418	-2.021950221	-1.695602506	-2.267001923	-1.837237874	-1.748087455	-1.778235049	-2.649009199	-2.130876971	-1.733367226	-1.772269624	-2.036246704	-1.676838985	-2.391160283	-2.23053216	-1.812021829	-2.084066364	-2.346236725	-1.920354742	-1.75500958	-2.223801599	-2.473068552
SMAD1|Smad1	-0.090046148	-0.324415407	0.636375275	0.068046615	-1.386832462	0.350190422	-0.546370187	-0.317993025	-0.181908711	0.065795517	-0.703232694	0.159124946	0.095346097	-0.924693563	-0.490896404	-0.644904473	0.377903876	-0.066107628	-0.698542698	-0.347808216	0.040888786	-0.724942675	0.217639434	0.581893289	0.461308594	-0.712135309	-0.155595309	-0.816307682	-0.172839221	0.311369969
SMAD3|Smad3	0.989584987	0.76440818	0.970454198	0.928073401	-0.491271604	1.034049638	0.823432866	0.88009449	1.062073929	0.784289678	-0.050447144	1.216675606	0.977799574	0.29505778	0.558285775	1.100516081	1.328684754	0.622848065	0.589629513	0.552741184	1.072537768	0.828545557	0.874544454	0.544641028	0.862127462	0.947964267	1.045431288	0.289109595	1.11231704	1.516721838
SMAD4|Smad4	-0.916938208	-1.005901192	-1.058822357	-0.783735498	-0.359562203	-1.203690615	-1.146735151	-0.747444571	-1.235992953	-1.071136919	-0.558509587	-1.039667352	-1.112546293	-0.669454511	-0.685784041	-1.294822591	-1.121831576	-1.211715713	-0.856769335	-1.062890938	-1.169066163	-1.080545773	-1.222265735	-1.010442514	-0.931060722	-1.251458402	-0.826361515	-0.59916911	-1.204053961	-0.934817033
SRC|Src	-0.080215702	-0.081151032	-0.139062304	0.296748596	-0.694896453	0.267843066	-0.15618885	-0.610969661	0.070659331	0.242376312	-0.768029081	-0.408787997	-0.108658997	-0.235679043	-0.317422764	-0.469829734	-0.031946496	-0.548440263	-0.088417493	-0.481470783	-0.141807066	-0.137576766	-0.263620435	0.189075401	0.219875452	-0.34236446	-1.028898552	-0.587725391	-0.680677239	0.209273021
SRC|Src_pY416	0.537549043	-0.224722364	1.028675961	0.347768263	0.825888012	-1.166430456	-0.261161183	-0.423972855	-1.286701562	-0.922320125	0.56348401	-0.685933708	-0.744861969	0.683393598	0.057707933	-1.71731827	-0.779912538	-0.593077877	0.32857589	-0.171227502	-0.682400008	-0.589398729	-0.751947576	-0.601533354	-0.50124499	-0.917340975	-0.387576245	0.395459732	-1.515006469	-0.699889465
SRC|Src_pY527	-0.17741931	-0.207618466	-0.114982596	1.34069783	-0.072389235	0.149658753	-0.116576086	-0.600850981	-1.230101119	-1.240224461	-0.306069432	-0.849314043	-1.449570607	0.226781663	-0.935032561	0.355829746	-0.839822603	-1.535705349	-0.193824	-0.081334028	-0.713695244	-0.215109362	-0.665994475	-0.192072019	-1.06995036	-0.81946514	-1.830885796	-0.391586418	-2.114237799	-1.095691641
STAT3|STAT3_pY705	0.190096196	0.01858541	0.034211744	0.583250532	-0.021755327	-0.107374272	-0.22726261	-0.280787581	0.058774591	-0.329067351	-0.319064407	-0.255584639	-0.786624528	-0.190407062	-0.441016122	0.196806635	-0.432396158	-0.563153897	-0.17059138	0.007749511	-0.004221614	0.054822785	-0.041738897	-0.091281823	-0.053945557	-0.345011319	-0.662072189	-0.099833918	-0.153415391	0.005368485
STAT5A|STAT5-alpha	0.695920753	1.084484508	1.13373987	-0.519790835	0.919832581	1.475560201	1.105917856	1.581372257	1.345654583	0.563987554	0.550987906	1.228776388	0.927312192	0.013616379	1.230428717	1.063204344	1.829024444	0.768947585	2.183641229	1.476478383	2.215203495	-0.76656697	1.356949142	0.976652771	-0.102927416	1.09571181	-0.193394292	1.01326748	1.542838568	-0.625202654
STMN1|Stathmin	0.421264094	-0.125543247	0.029161283	0.157462827	-0.23815847	-0.063260416	0.111745368	0.015272112	-0.139503134	0.029883794	-0.286270901	-0.263527432	-0.22208371	-0.167818267	-0.28526337	1.068900613	-0.330473235	-0.167572532	0.034310173	-0.247199523	-0.385451947	0.801332706	-0.151669857	-0.070648022	0.088307352	-0.429639487	0.052648001	-0.221998573	-0.166652479	0.567473813
SYK|Syk	1.257734394	1.73250773	2.618957799	1.615382336	0.653259456	1.683767434	1.896555054	2.253699759	1.59828423	1.557613864	0.902667491	2.059887065	0.903295012	1.174235649	1.377273902	-0.386772569	2.76572841	1.138428124	1.954762572	1.725316425	1.720795364	1.590565886	2.010156504	1.706000514	1.701491215	1.729810957	-0.191571429	1.35818927	2.346623097	1.219712099
TSC2|Tuberin	0.059188113	0.44611629	0.815512022	0.98780361	0.608809982	1.299276775	0.688350462	0.718819532	0.610006191	1.238799336	0.666972284	1.621464906	0.782718572	0.306821222	1.044877924	0.855584559	1.843891748	1.46727529	1.109864991	0.856192728	1.588695575	0.346973225	0.82433636	1.017161992	0.828037055	0.436849874	0.723797468	0.819480025	1.087059946	-1.391300381
KDR|VEGFR2	2.186638231	1.538370409	1.444295932	1.095692916	1.531623483	1.485431298	1.976848579	1.991004077	1.673847627	2.525656417	1.675106568	1.702591136	2.115696074	1.407161135	1.661353622	1.880616261	1.792075584	2.05840755	1.518699991	1.365846005	1.270059754	1.680156684	1.794718463	1.71305569	2.132978324	1.617541798	1.301054477	1.689918462	2.027709453	2.051212802
XRCC1|XRCC1	0.071044584	0.304417026	0.162995625	0.499268999	-0.445522245	-0.400295046	-0.364994581	-0.552423461	0.000341309	0.041080153	-0.385382987	0.011259733	-0.107803029	-0.192217839	-0.401840664	-0.883278116	0.247959334	-0.280188354	-0.138735656	-0.376851709	0.024436701	-0.370290229	-0.058597978	0.066800475	0.306094134	-0.282935399	-0.611691611	-0.345665324	-0.061208255	0.131704892
YAP1|YAP	0.533070627	0.186574265	0.269802377	0.498498055	0.058019551	0.365213566	0.370812835	0.241444609	0.514777189	0.60492985	-0.02146155	0.495709428	0.306303459	0.262649206	0.297735325	1.090416423	0.16295522	0.271719401	0.07414363	0.12730072	0.220128741	0.478283071	0.070039555	0.352224086	0.675521987	0.095869388	0.314963506	0.2773127	0.457338722	0.886427562
YAP1|YAP_pS127	2.120904456	1.138525318	1.95449328	1.663294615	1.424746885	2.110410753	2.480769555	1.497612244	0.885493843	1.905594391	1.289714429	1.165493762	2.219575867	1.488172066	1.566913091	3.630449303	0.618002126	1.372561412	0.931068492	1.455175419	1.59310314	1.216916057	1.230480029	1.534621942	1.337678922	2.458601719	1.725530679	1.778358957	1.683435185	2.902913284
YBX1|YB-1	-0.58418741	-0.66611704	-0.898823006	-0.648735793	-1.032015229	-0.670058291	-0.779151935	-0.549087027	-0.315071899	-0.149321297	-0.792026732	-0.462864059	-0.422123758	-0.520999228	-0.352444764	-0.433310368	-0.5495526	-0.839599321	-0.727316905	-0.75331024	-0.805911198	0.42205576	-0.77574578	-0.910446121	-0.399230384	-0.468971024	-0.146037481	-0.942910963	-0.608147954	-0.676168059
YBX1|YB-1_pS102	0.172874834	-0.05158005	0.052045201	0.143647681	-0.115891483	-0.038409066	-0.109217636	-0.076560629	-0.234590533	-0.048760079	-0.069499208	-0.28984424	-0.136226016	0.1222006	-0.054409354	0.60543291	-0.247845709	-0.214934604	-0.032065119	-0.130610681	0.356545686	0.36786183	0.004661477	-0.054373166	0.096817392	0.152814124	0.352769724	-0.009680184	-0.025513826	0.380738448
EIF4EBP1|4E-BP1_pT70	0.144117887	-0.076485926	-0.265272149	0.113217665	-0.404176646	-0.284748108	-0.058273413	-0.106412644	-0.224776701	-0.180477658	-0.334248006	-0.228891178	-0.211467598	-0.20951561	-0.169427454	0.208294352	-0.246884037	-0.382954318	0.020341323	-0.340911659	-0.32271192	0.065716636	-0.181308088	-0.320104587	-0.181566368	0.45754123	0.275005265	-0.228257979	-0.012469424	0.592576785
ARAF|A-Raf_pS299	-1.210390431	-1.316681902	-1.373981966	-1.096278251	-0.840561306	-1.234139166	-1.260318742	-1.15010595	-1.500839883	-1.360386913	-0.845448	-1.43859734	-1.406708001	-0.920555421	-1.070366961	-1.338100178	-1.485140283	-1.490362226	-1.19901298	-1.367910054	-1.586520131	-1.308321312	-1.657449453	-1.231333587	-1.322184074	-1.532311179	-1.146125186	-0.92396646	-1.527600412	-1.400871341
ANXA7|Annexin_VII	-0.415605667	-0.518418807	-0.660555825	-0.306849157	-0.665649578	-0.668356069	-0.614163014	-0.735542347	-0.581354118	-0.38032834	-0.529923573	-0.802877614	-0.722488245	-0.493482919	-0.677822348	-0.824728997	-0.355348066	-0.3556431	-0.420753693	-0.751730232	-0.561128876	-1.068806057	-0.552869403	-0.631882089	-0.321887893	-0.723053792	-0.310272099	-0.577897691	-0.673412411	-0.684808645
ARID1A|ARID1A	NA	NA	NA	NA	NA	NA	NA	NA	NA	NA	NA	NA	NA	NA	NA	NA	NA	NA	NA	NA	NA	NA	NA	NA	NA	NA	NA	NA	NA	NA
BRAF|B-Raf	0.937410425	1.165261649	1.58556476	-0.343968344	0.734853315	0.399769026	0.885846691	1.342029829	1.361740823	1.731171674	1.136830213	1.013077531	1.380838905	0.483473776	1.618877158	0.09194469	1.658941122	1.204882114	1.012467894	0.848230965	1.375305998	0.806813793	1.299941876	1.639917126	1.074362449	1.358368616	1.149170737	1.01536026	1.575855086	-0.880109921
BAD|Bad_pS112	0.432136902	0.367625535	0.037738623	0.442009892	0.381893776	0.553814696	0.107203589	0.230085565	0.044655787	-0.175017895	0.158843102	-0.09492381	0.101889457	0.171062767	0.202564888	-0.062537961	-0.255018919	0.004189057	0.386015636	0.29066232	0.374724164	-0.267434741	0.292564083	0.310532851	-0.14879907	0.596303712	0.483656946	0.455684079	0.411774995	-1.051138524
BAP1|Bap1-c-4	-1.830142492	-1.300711009	-1.648713906	-1.466525525	-0.29506668	-2.101045893	-1.500021334	-1.680743526	-1.28669508	-0.851723647	-0.529661963	-1.494547827	-1.04025457	-0.756472247	-1.012492416	-2.462579549	-0.72972379	-1.017647574	-1.252355132	-0.913750551	-1.910445403	-1.911954569	-1.372158616	-0.945744774	-1.704883371	-2.073069526	-1.137127209	-0.751017907	-1.040512883	-3.023696841
BRCA2|BRCA2	NA	NA	NA	NA	NA	NA	NA	NA	NA	NA	NA	NA	NA	NA	NA	NA	NA	NA	NA	NA	NA	NA	NA	NA	NA	NA	NA	NA	NA	NA
MS4A1|CD20	-0.372970807	-0.45577308	-0.457033759	0.019922485	-0.371532121	-0.205816292	-0.512139765	-0.420342693	-0.407532847	-0.085541934	-0.226988954	-0.071937375	-0.332971055	-0.255310864	-0.129575653	0.207115147	-0.101465765	-0.126778156	-0.297222161	-0.429302228	-0.040137038	-0.230827366	-0.654483398	-0.508731792	-0.27183296	-0.466274836	0.236113707	-0.293535708	-0.404738465	-0.151081509
CCNE2|Cyclin_E2	0.72533954	0.558496683	0.678082429	1.129804736	0.5989747	1.091133864	0.463287694	0.58848554	0.771786455	1.182514401	0.767069843	1.382776496	0.995707724	0.912600106	1.207886058	0.813767216	1.103307966	1.085749403	0.851301114	0.801796049	1.204193727	0.735720122	0.55914076	0.784986016	1.014007863	0.886812146	1.599860093	0.675999687	0.832268325	1.114197473
ETS1|ETS-1	0.752946581	-0.104400338	-0.081574246	0.398854676	0.687890053	-0.348519808	0.079812913	0.793271396	-0.165356394	-0.182455389	0.526920273	-0.623589183	-0.099044027	0.267291616	-0.012936005	1.587015949	-0.510244761	-0.589376481	0.603402091	-0.027294519	-0.048430643	0.574398097	-1.156523857	-0.530768881	0.246057368	-0.194999082	0.686856782	0.363213598	-0.372848252	0.439102135
EIF4G1|eIF4G	-1.123086939	-0.724032084	-0.72191598	-1.376619936	0.141847342	-0.230908894	-0.776132838	0.030613153	-0.357258019	0.269322893	0.238658191	-0.047195364	0.365908859	-0.426969619	0.321340116	-1.407914433	0.362688071	0.190650698	0.071828567	-0.102999401	0.284070467	-0.044442302	-0.178800411	-0.483406831	-0.396581549	-0.126867658	-0.104647231	-0.031786954	0.219456616	-1.164652712
FASN|FASN	0.100690045	0.826727653	0.39709436	0.875975257	0.958941934	-0.564857584	0.344218195	-1.223545212	0.820717943	-0.625036765	1.60265084	1.496644917	0.407318359	0.58905216	1.134211619	1.839496493	1.482275532	-0.538210495	0.065649808	0.103614596	0.328951694	0.12969294	-0.764170821	0.467976511	0.813986388	0.849091326	0.693244087	0.493700963	-0.426077795	0.489751538
FOXO3|FOXO3a_pS318_S321	-1.097999888	-1.356188854	-1.512720008	-1.234963734	-0.976904409	-1.141869011	-1.22161133	-1.494284391	-1.427026794	-1.412301262	-1.115483215	-1.231947885	-1.259827008	-1.257179203	-1.288649722	-0.743117895	-1.283346652	-1.338036746	-1.153870479	-1.354597925	-1.1717165	-1.155038094	-1.462450423	-1.255557271	-1.236346754	-1.307849044	-0.790794849	-1.114984392	-1.304174071	-0.999212381
FOXM1|FoxM1	-0.256758556	-0.392426285	-0.44730184	-0.123810645	0.259129082	-0.534960323	-0.517428714	-0.358569313	-0.652277556	-0.393908178	0.159983449	-0.483542771	-0.604406888	0.160795828	-0.131119913	0.322770247	-0.590369143	-0.423679373	-0.159104082	-0.368750544	-0.158764148	0.105781	-0.580048996	-0.346723105	-0.304140451	-0.649464088	-0.189621156	0.053285789	-0.502269479	-0.236520506
G6PD|G6PD	-0.751674375	-0.705295372	-0.80300191	-0.979231188	-0.688971612	-1.421078834	-0.736901816	-0.993716331	0.774023581	-1.217660526	-0.899256993	-1.518142277	-1.269477871	-0.628796764	-0.860154729	-0.885596414	-1.650722374	-1.545354993	-0.823357555	-0.977485691	-1.398117248	-0.715945776	-0.922909359	-1.165506569	-0.963440431	0.226341507	-0.156451285	-0.814132458	-1.304715633	-0.052241712
GAPDH|GAPDH	1.029571368	0.638799055	1.394675862	1.498423861	-1.041198839	0.207138862	1.828957482	1.249333143	1.319911745	0.940857536	-0.377025951	0.13578304	0.749946592	0.519435299	0.445579233	-0.64807807	0.985442502	0.328894487	0.407816474	0.504270577	0.940723376	-0.507051446	0.925334283	0.250462649	1.010773703	1.886534159	2.563915767	0.438454359	1.377750307	1.620970603
GSK3A GSK3B|GSK3_pS9	0.399885033	1.056217103	0.539224798	0.959058915	0.841100633	0.302356637	0.436487335	0.649853762	-0.034399887	0.074416674	0.679110516	0.177434217	-0.149084512	0.916655669	0.326594423	-0.894458056	-0.063603919	-0.13499719	0.517321834	0.753886154	0.206538725	0.38165792	0.417864837	0.452576721	-0.535764637	0.641260198	0.165323496	0.771949913	-0.043644125	0.021042224
NRG1|Heregulin	-1.429916366	-1.344013318	1.167907311	-0.996097886	-1.371534848	-1.277042118	-1.099462068	-0.819648396	-1.430254968	-1.278392673	-1.346500288	-1.41457919	-1.348055753	-1.377635122	-1.489421245	-0.060945231	-1.200317553	-1.458347243	-1.507422252	-1.406069709	-1.453852992	-0.284785164	-1.308516548	-1.34230051	-1.248347415	-1.668929479	-1.098199771	-1.401796651	-1.329697887	-0.700586007
MYH11|MYH11	0.413343081	-0.581844078	-0.607121355	-0.120592726	-1.836675453	-0.404483585	0.377667733	0.15013235	-0.154945385	-0.168054057	-1.444496121	-0.526179326	0.199681008	-0.777575211	-1.081691966	2.111834128	-0.221042819	0.227224306	-0.635182393	-0.044680552	-0.385737595	-0.845921305	-0.164327721	0.466150725	0.563807823	0.13812192	-2.268982765	-0.405042071	-1.658271366	0.425948004
MYH9|Myosin-IIa-pS1943	-0.177992292	-0.455828125	-0.387496658	0.189361557	-0.776905322	-0.445598123	-0.262222911	-0.631672448	-0.641645376	-1.764864548	-0.78435672	-0.064352873	-0.482313775	-0.366277699	-0.952590539	-2.12075631	-1.296526749	-0.533628772	-0.67612874	-0.792736664	-1.105828587	-1.331665778	-0.831643877	-1.013595014	-1.052493175	-0.517769326	-0.601442215	-0.472558844	-0.798274309	0.041643163
NRAS|N-Ras	-0.978479413	-1.149407535	-1.34756372	-0.736840534	-0.758423816	-1.301819403	-1.35059087	-1.192659879	-1.18396971	-1.130487806	-0.777758786	-1.184274475	-1.327615212	-0.893708722	-0.979495776	-0.025178755	-1.237489837	-1.300358517	-1.103143257	-1.28072276	-1.284933186	-1.067044025	-1.377936502	-1.147606891	-1.058999052	-1.460865331	-0.722534923	-0.929386321	-1.461473583	-0.723358576
NDRG1|NDRG1_pT346	-0.047508899	-1.201162636	0.155435544	-0.93525604	0.967421746	-1.509105911	0.154692319	-0.643444631	-1.831634341	0.221565445	0.347234944	-1.432487437	-1.612208073	0.020827342	-0.372665559	-0.621235235	-1.807949064	-1.502222321	0.163956352	-0.706324976	-1.618865216	0.454114047	-1.034447648	-1.199347239	-1.259966198	-1.114050473	1.097168136	-0.085452829	-0.289383902	0.488261646
CDKN1A|p21	0.227588326	-0.126634245	0.60721887	-0.062801238	0.162854755	-0.435150722	0.475838972	0.416156967	-0.272961307	0.011020196	0.71556432	-0.272970225	-0.432780313	0.430846411	0.009924143	0.351707893	-0.335526864	-0.237843274	0.387372727	0.132354969	-0.309303239	0.532608591	0.27878016	-0.376232313	0.064182121	0.333257308	0.738339325	0.420537268	0.067121521	1.063237886
CDKN1B|p27_pT198	0.223218319	-0.043741206	-0.182495711	0.08316674	0.088172206	0.174960027	-0.153762226	0.018567204	-0.401400693	0.096781473	0.035789848	0.001115035	0.018436549	0.009741905	-0.050504195	0.514418454	-0.028970373	-0.092744057	0.223251503	-0.097720621	-0.026379656	0.488494071	-0.171463055	-0.02274248	-0.042453465	-0.230241198	0.520159876	-0.027877285	-0.024496621	0.22267178
RPS6KA1|p90RSK	-0.536260924	-0.524834652	0.038837004	-0.877726204	-0.799315778	-0.674940499	-0.65598741	-0.56483968	-1.0054252	-0.898772153	-0.801552314	-0.420197299	-0.682831933	-0.780213487	-0.773276642	-1.216863699	0.238374311	-0.324935085	-0.594107509	-0.581942703	-0.669239056	-0.766094116	-0.844460683	-0.580474537	-0.858252251	-0.305695551	-0.485216541	-0.672553709	-0.406910569	-0.4536137
PDCD4|PDCD4	1.255513414	1.948760602	1.456302898	1.52345345	0.891066309	1.519945495	1.217197744	0.289752334	0.755854878	1.081720985	0.90868476	0.624641611	0.444415138	1.048388747	0.579479201	0.995280012	0.021756594	0.620415841	1.086229895	1.325672816	0.682515751	0.215217053	1.001117499	0.995554629	0.43799531	2.104236119	0.523632273	1.311554184	1.004661805	1.21391861
PDK1|PDK1	-0.54554436	-0.353469802	0.075161711	-0.222556065	-1.45522324	-0.477514161	-0.342408771	-0.270678551	-0.078616807	-0.049863893	-1.375510407	-0.377202426	-0.123224591	-0.673869029	-0.413903698	-0.52017952	-0.058154109	-0.389149175	-0.427664305	-0.63602041	-0.284594828	-0.98718161	-0.11960798	-0.389228054	-0.315386547	-0.685912026	-0.429312612	-0.892512733	-0.242223177	-0.36499552
PEA15|PEA15_pS116	-0.70722089	-0.819971595	-0.613526807	-0.941435284	-0.95862072	-0.673016876	-0.725379133	-0.759319167	-0.732597754	-0.59743006	-0.70818299	-0.820840041	-0.791073962	-0.91593495	-0.76995626	-0.061213971	-0.877244735	-0.829267821	-0.560424651	-0.882855944	-0.748270727	-0.320574403	-0.956737701	-1.076106461	-0.788519607	-0.806837005	-0.597267944	-0.873953337	-0.821486021	-0.525462334
PIK3R1 PIK3R2|PI3K-p85	2.168670992	1.851605495	2.062726266	1.900271721	1.207902178	2.532034214	1.714812046	1.633227015	1.551038474	1.802877438	1.25378204	1.692769617	1.797618831	1.244748138	1.450003295	1.971539957	2.123606799	1.53452934	1.602968091	1.352167465	1.583275497	1.082607238	1.968036665	2.060388054	1.76975194	1.730009378	1.783847483	1.397494599	2.050736383	2.43475896
PRKCB|PKC-pan_BetaII_pS660	1.027864765	1.347220916	1.381428915	0.558549841	0.992929469	0.84332837	0.961907961	0.945558726	0.753086452	0.566513015	0.806103189	0.462149932	1.394500158	0.848147381	0.854474069	0.455339893	1.276272193	0.240931052	1.34023163	1.124605697	0.665135922	0.336207996	0.773704317	0.83523244	0.112474474	1.777044124	0.390393359	0.932008332	1.085547457	0.417603829
PRDX1|PRDX1	-1.517837059	-1.485183717	-1.54920956	-1.150515937	-1.50642928	-1.651178693	-1.957334731	-1.73597143	-1.085772168	-1.99710123	-1.574449395	-2.291377163	-2.058120507	-1.249845849	-1.572445863	-1.992543634	-1.948989112	-2.043408034	-1.28545463	-1.626799649	-2.195372598	-2.095000888	-1.681532104	-1.482294902	-1.359462903	-1.814161993	-1.469147247	-1.605096692	-1.946596388	-0.593679465
RAB11A RAB11B|Rab11	-0.439264515	-0.651913571	-0.546936079	-0.45630283	-1.087184044	-0.619371662	-0.490937369	-0.655852368	-0.560729644	-0.610693389	-0.998633208	-0.684204891	-0.575830314	-0.684925295	-0.7722017	-0.231835569	-0.718754816	-0.699328715	-0.700399175	-0.747756493	-0.48482449	-0.430975528	-0.685426557	-0.798092486	-0.468195886	-0.606374213	-0.660950144	-0.825261637	-0.656493935	-0.355594204
RAB25|Rab25	-1.814808024	-0.9212798	-1.127556536	-0.896352134	-0.277973894	-0.629173809	-0.854225287	-1.032937254	-1.183216913	-0.475042724	-0.628121127	-0.406373837	-0.776895262	-0.72040656	-1.054023273	-4.151888367	-0.561385225	-0.344695061	-2.018853691	-1.318523503	-0.106674873	-2.189609563	-1.37976905	-1.46342616	-1.006810293	-1.40835287	-1.883338909	-1.107375581	-1.400253297	-1.035054067
RPTOR|Raptor	1.565536478	1.282581554	1.035883555	1.061073214	0.384582033	1.504647794	1.18985191	1.391166702	1.601270039	1.489350771	0.58995796	1.49217258	1.304907488	0.865284293	0.830125673	1.759171097	1.376994606	1.229754607	1.29432255	1.190228412	1.382975523	1.14277422	1.052131776	1.330322883	1.785143182	1.568878394	1.213661754	0.720272054	1.349521984	1.29853451
RBM15|RBM15	0.164702907	2.003513552	2.021451834	1.423337789	1.661962991	2.357154454	1.66792061	1.938922973	1.809470448	2.281659957	1.545856022	2.73229544	2.13527911	1.555261153	1.794440355	-0.036673207	2.465262989	2.103220038	2.250803249	2.140851232	2.59309891	0.88895656	2.012604714	2.108492317	1.805361396	1.945713626	1.000427612	1.623343473	2.22041692	0.634026961
RICTOR|Rictor	1.468414807	0.440623307	-0.219530536	0.757822969	0.324845026	0.767234339	1.326356768	0.818080596	0.60638894	-0.353381858	0.238915047	0.711750671	1.101111069	0.517050778	0.495780873	6.017837155	0.847379855	1.240151725	0.454403975	0.757510407	0.770093073	-0.198051471	0.992510271	1.565145061	1.709830482	0.953868927	0.40786763	0.601678502	0.194973011	1.141738305
RICTOR|Rictor_pT1135	0.990359811	0.550642485	0.576675961	0.854118425	-0.128088853	0.563671859	0.695917325	0.833586852	0.377089798	0.533514869	-0.048800745	0.230812672	0.257959533	0.197777208	-0.115266968	2.42912413	0.217857835	0.443010132	0.309553567	0.25142859	0.260352369	1.531403637	0.460017999	0.207119877	0.714709678	0.249501168	0.701646526	0.099559176	0.444668847	1.151179158
SCD1|SCD1	-1.105013903	-1.44054331	-1.622787873	-0.675187531	-0.147714057	-1.570501291	-1.617301505	-1.648617618	-1.752271072	-1.245728852	-0.062871208	-1.235817314	-1.636149642	-0.272846536	-0.744645637	-1.031374636	-1.692157626	-1.450022302	-0.95168205	-1.592051554	-1.716383738	-1.380319183	-1.805816386	-1.367661417	-1.240283707	-1.805178607	-0.436751357	-0.242559415	-1.78194325	-0.589592962
SRSF1|SF2	-1.479610464	-1.519787715	-1.452571082	-1.175393153	-0.986242634	-1.790377472	-1.523032144	-1.537985487	-1.704763546	-1.503033965	-1.011259965	-1.465215107	-1.661415475	-0.98013318	-1.15830112	-1.499511397	-1.58923162	-1.675372383	-1.231460162	-1.57441263	-1.670480966	-1.494192869	-1.904972693	-1.663685499	-1.521279534	-1.647074951	-0.8230848	-1.033801248	-1.777004374	-0.969410548
WWTR1|TAZ	0.684326197	0.59797072	0.289453214	0.531001112	0.21920183	0.470498763	0.460344225	0.722402697	0.438503648	0.765984369	0.351275719	0.444106739	0.634562233	0.547321133	0.284989242	1.121271489	0.301696246	0.773655317	0.430412502	0.315164827	0.508212752	1.016111598	0.460620555	0.404456743	0.841742203	0.300350781	0.737007524	0.443540525	0.575073422	1.093291136
TIGAR|TIGAR	0.957438275	0.52143583	2.052607428	1.196985538	0.1703359	0.563761632	0.425578322	0.699810108	0.579634789	0.794270749	0.045062213	0.367854974	1.429287252	0.499695779	0.275215203	0.899247748	0.772630832	0.253609885	0.554898616	0.242960695	1.313673125	1.264343899	0.874992977	1.044814999	0.950781703	1.943204616	3.252513022	0.435904934	0.645993077	1.055630884
TGM2|Transglutaminase	0.28212232	-0.361608418	0.254819147	0.290404432	-1.297186439	-0.756293252	-0.769179296	-0.115364169	0.602321555	-0.068518875	-1.039274714	-1.077205774	0.356785649	0.314351106	-0.214456894	0.095296583	-0.701739634	-0.998244439	-0.568227245	-0.589222444	1.245265996	-0.910235935	-0.464670075	-1.02400921	-0.397965384	-0.574078493	2.712941783	-0.642438105	0.035102283	1.024491818
TFRC|TFRC	1.570659465	0.244393296	0.903907991	1.228394087	-0.006938491	-0.878180416	0.441771208	0.906560139	0.383941097	0.116250658	-0.071556671	1.238270447	0.065884225	0.254505232	0.819564515	-0.733945045	0.10297587	-0.390443407	1.62680355	0.430017369	1.019925979	0.36110607	0.050177081	-0.171043532	1.038946775	1.442101507	0.426047731	0.260018024	1.380511956	1.554270498
TSC1|TSC1	1.805982868	1.768291469	1.89237489	1.711985359	1.090093435	2.061180282	1.712696889	1.603302198	1.937449098	1.957174316	1.271364456	2.100851993	1.987540623	1.189760121	2.001534422	2.481518109	2.601246549	1.852538447	1.484293674	1.906255784	2.382129595	1.539935267	1.983678149	2.063744615	1.815798449	1.942882535	0.718404046	1.458988653	2.211528923	1.485650272
TSC2|Tuberin_pT1462	-0.746016908	-0.729831265	-1.058244924	-0.439335211	-0.128790726	-1.025970174	-0.844210788	-0.703595989	-1.027748828	-0.799745397	-0.250975769	-0.739690195	-1.04859661	-0.279518133	-0.559801655	-0.240777791	-0.823463409	-0.810349569	-0.449257885	-0.704301031	-0.887645855	-0.635988291	-0.96216045	-0.733176933	-0.883661534	-1.078597814	-0.375338259	-0.270391224	-0.872175133	-0.650494671
VHL|VHL	-0.261808611	-0.779894036	2.187862544	-1.056060207	0.97827458	-1.333471386	-1.875222542	2.603414917	-1.100967743	0.436481394	0.700940756	-1.202212445	-1.470846695	1.193450214	0.631534068	-1.773133355	0.136238846	3.001701344	-0.025405549	-1.599247675	0.803582942	0.184077347	-0.871648467	-0.034488409	1.971230048	-2.005831233	-0.100380589	0.471542186	-1.367742258	-0.998228871
XBP1|XBP1	-0.804232515	-1.081112518	-1.380969141	-0.903197705	-0.263408051	-1.080200453	-1.022913634	-0.337300963	-0.451345975	-0.244283025	-0.239545989	-0.947273341	-1.128973393	-0.448973198	-0.533499871	1.442691176	-0.737799198	-0.988079233	-0.116393224	-0.982920429	-0.43508637	-0.671420193	-1.305849942	-1.183133776	-0.69427898	-0.947230464	-0.54212401	-0.464585122	-1.299979059	-1.095467557
TUBA1B|Acetyl-a-Tubulin-Lys40	0.727399599	1.105329362	1.024200303	3.471077428	1.489218033	2.105324694	2.293992961	2.688821284	0.173687954	1.167491533	1.373546846	3.716551156	3.120090516	1.429627495	3.371763146	0.704434776	1.31779358	3.580536946	2.205649797	2.646070131	2.606266475	0.992281045	2.461375115	1.112741406	2.076400996	2.391095516	3.940716309	2.147575039	2.677437772	1.708514222
SQSTM1|p62-LCK-ligand	-0.29959903	0.643554516	-0.369587467	-0.794462758	-0.437047684	3.77401824	3.972151769	0.100777369	4.764466318	-0.207080576	-0.534681131	-0.05053347	-0.677656243	-0.522714476	0.203892167	-1.678586463	0.453123148	-0.463345855	0.380065828	0.110056931	1.343399503	-0.562278734	0.774951805	3.949023635	0.493519069	1.998651837	0.257138417	-0.347446635	-0.856672455	-0.676608881
YWHAB|14-3-3_beta	-0.446322637	-0.643038694	-0.618260702	-0.398596362	-0.3180636	-0.658127497	-0.61672346	-0.669412903	-0.647243162	-0.532340423	-0.394128552	-0.674281823	-0.662756117	-0.37605453	-0.499917182	-0.130812811	-0.564921947	-0.677154815	-0.380423279	-0.730598589	-0.612687712	-0.524600554	-0.734590654	-0.657674092	-0.505124899	-0.755705102	-0.557336323	-0.46030285	-0.666039999	-0.421665268
YWHAZ|14-3-3_zeta	1.768796159	1.496818093	1.832957562	2.106300837	0.611278098	1.498628114	1.687956302	1.363590598	1.58740926	2.076797857	0.513566485	1.126613516	1.562005171	1.503583908	1.171901011	1.288300855	0.973688134	1.094844826	1.412478365	1.321647328	1.09927139	0.942728568	1.601515913	1.631746145	1.736035929	1.145675546	0.770515721	0.878934231	1.51473997	2.162799336
ACVRL1|ACVRL1	-0.26290677	-0.552773349	-0.654860477	-0.088013318	-0.24146327	-0.691479218	-0.399090633	-0.600737098	-0.491723521	-0.652400451	-0.155551748	-0.755419127	-0.60741457	-0.182223176	-0.446289129	0.285894442	-0.819773481	-0.829165908	-0.386801874	-0.652690641	-0.830825936	-0.210815072	-0.563170411	-0.668639384	-0.427049159	-0.656212884	-0.269163586	-0.281467737	-0.581162372	-0.258446079
DIRAS3|DIRAS3	-2.685829294	-2.830959522	-3.094190028	-2.44448109	-1.964885618	-2.990612567	-2.965124642	-2.936007637	-3.048698338	-2.897938547	-2.058612757	-2.796678967	-2.876974787	-2.129718417	-2.339488394	-2.518903344	-3.001690959	-2.770240899	-2.547920836	-2.77842901	-3.026754608	-2.670116916	-3.077780086	-2.881372121	-2.65186695	-3.124702721	-2.4381846	-2.182345607	-2.993374611	-2.786771397
ANXA1|Annexin-1	1.323369664	0.694171311	0.946895264	0.213785206	1.134111995	-0.232563063	-0.393707885	0.280708886	-0.697809394	-0.476864933	0.71721858	-0.600479383	-0.343424123	0.8915955	0.296815141	1.056900079	-1.234083197	-0.148800727	0.301482628	0.165680217	-0.946669942	-0.568686118	-0.067297072	0.18883842	0.452296381	-0.672283155	0.101478019	0.753406141	0.030570363	0.073087126
PREX1|PREX1	0.373109818	0.0915249	0.019561162	0.120649571	0.212793747	-0.362375807	-0.660058961	0.12532935	-0.358533637	-0.67309195	-0.097379417	-0.632973128	-0.913137098	-0.006771266	-0.478522167	-0.74889411	-0.796896206	-0.925360977	0.066520484	-0.395194695	-0.313176052	-0.622515826	-0.633246454	-0.104915812	-0.125361723	-0.896995871	-0.801306714	-0.067313596	-0.439738028	0.117254831
ERCC1|ERCC1	-0.933813522	-0.720105917	-0.739310408	-0.704682108	-0.626881629	-0.809557311	-0.948571088	-0.799838996	-0.841952087	-0.629990191	-0.583782205	-0.811898935	-0.7654932	-0.640697012	-0.626778498	-0.933304473	-0.476048759	-0.69680973	-0.635347609	-0.795013944	-0.576140952	-0.369046018	-0.784564121	-0.712412889	-0.656816642	-0.763422826	-0.584664219	-0.589224044	-0.6230792	-1.011523164
MSH2|MSH2	-0.402970371	-0.140150656	-0.768755957	0.499761512	1.641037626	-0.743136891	-0.771673487	-1.050461905	-0.857146327	-0.553838661	1.384314921	0.026107017	-0.454809733	1.169201654	0.895883091	-1.242947895	-0.271369783	-0.336401929	0.401666878	0.014274352	-0.538982185	-0.803853936	-0.907321279	-0.063419416	-0.169711427	-0.689533862	0.344337526	1.279951456	-0.93250162	-0.642078344
MSH6|MSH6	-0.727744444	-0.040321031	-0.024136267	-0.429218784	-0.916989661	-0.362705856	0.046140371	-0.382700674	0.16350907	-0.355023595	-0.600389654	0.295472251	-0.266413946	-0.714667826	-0.099443717	-0.980713375	0.540201346	-0.237429743	-0.172420494	0.458402445	0.080565492	0.146569826	-0.147256879	-0.146562013	-0.251633964	0.207654518	-0.516759822	-0.482124752	0.049441703	-0.501444913
DIABLO|Smac	0.646690451	-0.098171083	0.375613569	1.195213243	-0.021094444	0.355605125	0.835124389	-0.4068793	0.31703124	-0.064870105	0.152938105	1.141755715	0.600486529	0.168619273	0.421630475	-0.806895747	0.982947596	-0.20474708	0.654826789	-0.357722324	0.044325602	-1.267266647	0.434435878	0.614292539	0.976313428	0.614556787	2.092779359	0.090012147	0.136957808	1.39444418
ADAR|ADAR1	-1.600765679	-1.68567818	-1.993037951	-1.321271236	-1.284220378	-1.740769657	-2.022845648	-1.776566823	-1.714234891	-0.985506574	-1.207014126	-1.558631787	-1.522607096	-1.354435452	-1.183237331	-1.863050822	-1.502513712	-1.544105409	-1.468852698	-1.779289686	-1.298549134	-1.500930796	-1.656669994	-1.262927845	-1.463720702	-1.832932047	-1.014872909	-1.226389097	-1.883527992	-1.402109606
CTNNA1|alpha-Catenin	1.942547667	2.20435272	2.186163595	3.278345849	3.085542867	1.56409549	1.646610025	1.594644031	1.834505007	3.109733981	3.042323618	2.691080668	2.479909515	3.318718426	2.613716014	-0.364948311	2.186210617	2.467813082	2.389033581	2.200853543	1.924675673	1.503440837	1.213229162	1.483620256	2.564036359	1.363165447	3.26917365	3.149257988	1.570295043	3.130552742
NKX2-1|TTF1	-0.798332795	-1.224000172	-1.291834343	-0.831433552	-0.648222347	-1.219323823	-1.173226743	-1.241996074	-1.401711316	-1.091624281	-0.727560941	-1.243016231	-1.18075144	-0.752608296	-1.022812439	-0.217762142	-1.137598246	-1.246892846	-0.889083525	-1.282098864	-1.310627571	-0.616174532	-1.230470329	-1.128601689	-0.906823097	-1.387837089	-0.870469325	-0.805812873	-1.17106981	-0.662673766
CASP3|Caspase-3	NA	NA	NA	NA	NA	NA	NA	NA	NA	NA	NA	NA	NA	NA	NA	NA	NA	NA	NA	NA	NA	NA	NA	NA	NA	NA	NA	NA	NA	NA
CASP9|Caspase-9	NA	NA	NA	NA	NA	NA	NA	NA	NA	NA	NA	NA	NA	NA	NA	NA	NA	NA	NA	NA	NA	NA	NA	NA	NA	NA	NA	NA	NA	NA
PARP1|PARP1	3.390705245	4.187466164	3.554147791	5.024132515	3.490263673	2.640011743	2.685722743	2.799695247	3.551644451	3.961115195	2.819600087	3.57466466	2.416008702	3.254703443	2.488432987	2.730058933	3.904035517	4.122943786	3.402184087	3.289241487	3.68176117	2.70235789	3.536937427	4.333797585	3.251154492	3.258429939	3.353287721	3.00778159	3.685011794	4.21356473
COPS5|JAB1	-1.235400795	-1.274475903	-1.68964433	-0.78253962	0.094588271	-1.607418132	-1.542496178	-1.682329637	-1.599303445	-1.464790574	-0.002135217	-1.288569957	-1.464209463	-0.25157227	-0.531235194	-1.817174792	-1.606972429	-1.329401246	-0.945999786	-1.225704208	-1.57463421	-1.666527602	-1.80301661	-1.247775736	-1.179444004	-1.648005252	-0.665806674	-0.311822782	-1.671455188	-1.438696412
