Composite.Element.REF	TCGA-3X-AAV9-01	TCGA-WD-A7RX-01	TCGA-3X-AAVC-01	TCGA-W5-AA34-01	TCGA-W5-AA33-01	TCGA-4G-AAZT-01	TCGA-ZD-A8I3-01	TCGA-ZH-A8Y1-01	TCGA-ZH-A8Y2-01	TCGA-ZH-A8Y5-01	TCGA-ZH-A8Y6-01	TCGA-W5-AA36-01	TCGA-YR-A95A-01	TCGA-ZH-A8Y8-01	TCGA-W5-AA2G-01	TCGA-W5-AA2H-01	TCGA-W5-AA2O-01	TCGA-W5-AA2Q-01	TCGA-W5-AA2R-01	TCGA-W5-AA2U-01	TCGA-W5-AA2W-01	TCGA-W5-AA2X-01	TCGA-W5-AA2Z-01	TCGA-W5-AA30-01	TCGA-W5-AA31-01	TCGA-W5-AA38-01	TCGA-W5-AA39-01	TCGA-3X-AAVA-01	TCGA-W6-AA0S-01	TCGA-W5-AA2I-01
YWHAE|14-3-3_epsilon	1.2466	-0.6262	0.1553	0.9652	1.6477	-0.3977	-0.1825	-0.8383	-1.253	-0.3228	1.4457	-0.9817	-0.3272	1.2904	0.1955	1.4308	-1.2891	-1.1167	0.8508	-0.8908	-1.1173	0.0371	-1.1129	-0.5936	0.1324	-1.3869	1.4782	0.9899	-0.8026	1.3736
EIF4EBP1|4E-BP1	-0.6652	0.0965	0.2019	0.133	-0.1986	-1.1409	0.2714	0.1784	-0.3579	0.2529	-0.1272	0.418	1.9335	0.343	0.1857	-3.7812	0.7299	-0.5531	1.0457	-0.0789	-0.0135	-0.836	1.1045	-0.1004	-0.0116	0.5232	-0.2584	0.1817	1.8576	-1.3342
EIF4EBP1|4E-BP1_pS65	-0.2658	-0.3623	0.0006	-0.1159	-1.7471	-0.5626	0.7277	0.7546	-0.8826	0.2553	-1.5335	-0.0756	1.1208	-0.7194	-0.2757	1.5159	-0.6804	0.7778	-1.0291	-0.5608	3.0508	-0.05	-0.3492	0.6737	0.6381	0.704	-0.2983	-1.0964	-1.1058	1.4913
EIF4EBP1|4E-BP1_pT37T46	-0.6792	1.4179	0.4013	-0.0588	0.021	-0.6536	0.2231	0.3273	-1.1708	-0.8974	-0.3148	-0.5411	-1.4636	0.0985	-0.0542	1.5415	-1.1683	-1.4164	1.0187	0.029	-0.1678	-0.3538	-0.1403	-0.3831	-1.432	3.1081	0.6787	-0.1582	0.6695	1.5186
TP53BP1|53BP1	-0.6731	-0.0931	-0.6594	-1.1885	-1.0543	0.3757	0.4519	0.1594	0.6536	1.0367	-0.5509	0.6515	1.13	-0.9901	0.0226	-2.1182	1.8858	1.0147	-0.1511	0.3979	2.2222	-0.664	0.1971	0.4256	0.1221	-0.1757	-1.9943	-0.0149	0.9645	-1.3838
ACACA ACACB|ACC_pS79	-0.2975	0.3304	-0.7564	0.7095	0.858	-1.4508	1.0864	-1.7527	2.0503	-1.3524	1.2476	-0.0844	-1.2783	0.775	0.0072	0.1832	1.1674	-0.8717	-0.015	0.1121	-0.1919	-1.5509	-0.8397	0.9427	-0.0366	2.068	-0.6045	0.3657	-0.9023	0.0816
ACACA|ACC1	-0.1508	0.7237	-0.4806	1.044	-1.0015	-1.0721	1.2707	-1.5978	2.1656	-0.0739	-0.2908	0.9893	-0.7505	0.1058	-0.853	0.3833	2.076	-1.0935	-0.8047	-0.3724	-0.2736	-0.6062	-0.6428	1.134	0.5042	1.4954	-1.3054	-0.8295	-0.6347	0.9418
AKT1 AKT2 AKT3|Akt	-0.3778	-0.1653	-1.0297	-1.2007	0.2074	1.3711	-0.8975	-0.0509	-1.2403	-0.0277	0.104	0.4036	0.9526	-0.0376	0.4529	1.8832	0.7177	0.0638	-0.4122	0.6428	1.1688	-1.04	0.8969	0.4977	0.3945	-0.4946	-0.7995	0.3756	1.0184	-3.377
AKT1 AKT2 AKT3|Akt_pS473	-0.413	-0.5388	-1.1874	-0.0812	1.8252	-0.1795	-0.4569	-0.2808	-1.5805	-0.227	1.2666	-0.2006	-1.2158	1.0479	0.4698	2.8979	-0.8763	-0.6278	0.1996	0.9734	-0.7495	0.0159	-0.0743	-0.1249	-1.03	-0.6889	1.7529	1.0419	-0.7932	-0.1645
AKT1 AKT2 AKT3|Akt_pT308	0.5522	-0.1195	-0.5997	0.3801	0.6192	-0.5843	-0.1815	0.1524	-1.2412	-0.1845	0.1762	-1.1471	-1.4029	1.134	-0.3221	3.0097	-1.3165	-1.3205	-0.0006	0.4342	-1.1147	1.378	0.1997	-0.7948	-0.6357	0.165	1.9861	0.3674	-0.4955	0.9069
PRKAA1|AMPK_alpha	0.6682	-0.7021	-0.3167	0.795	-2.5022	0.2288	0.2393	-0.5607	1.4351	0.5531	-1.1536	1.2804	0.0945	-1.7627	-1.1529	1.0405	0.717	-0.1423	-0.8862	-0.8508	-0.1376	-0.4616	0.3205	0.9188	0.3139	-0.1717	1.6036	-1.0284	-0.3047	1.9255
PRKAA1|AMPK_pT172	0.5043	-0.6632	1.0006	0.2511	-0.0781	0.6049	0.9032	0.337	1.1648	-0.2404	-0.7425	1.0963	0.4066	-1.9095	-0.8393	-0.822	0.476	0.488	0.5527	0.2821	0.8948	-2.1714	0.6425	0.9827	0.6411	0.1996	-2.7544	-0.3712	0.657	-1.4935
AR|AR	-0.3586	-1.3626	-0.4218	0.4962	0.1432	2.309	-1.3906	-1.1884	1.2865	0.1236	0.7344	0.7725	0.1147	-0.0933	0.5001	-0.302	0.3028	-0.078	0.3874	-1.1892	0.7368	-0.5271	-1.3364	-0.9277	-0.0416	-0.8122	3.0292	-0.2136	-0.8316	0.1384
ASNS|ASNS	-0.1263	-0.4709	1.3397	-0.489	-0.743	-0.338	0.2548	3.9827	-1.118	-1.1288	-0.9227	-0.543	0.0732	-0.4712	-0.2401	-0.6267	-0.7093	0.4249	1.1654	0.1395	0.0994	0.6768	-0.6061	-0.2527	-0.4538	1.2506	-0.8816	-0.4561	0.145	1.0252
ATM|ATM	0.4947	0.4348	-1.7751	-0.2779	-1.1382	0.031	0.3771	0.2634	-0.6897	0.6599	-1.1761	1.8793	0.3377	-1.2925	-0.294	-0.7847	0.2359	0.0094	1.3424	0.3492	2.3925	-0.7743	0.3586	0.2602	-0.7777	1.4004	-1.6745	0.3199	0.8552	-1.3467
BAK1|Bak	0.1392	-0.7238	-1.3308	0.2302	1.5578	-0.2652	-1.1468	-0.8524	-1.2026	-0.0309	1.0686	-0.0234	-0.7822	0.2818	0.0855	0.9653	-0.528	-0.2631	0.4678	-0.4927	-1.2166	0.6702	-0.1122	-0.5669	0.2905	-0.7036	3.7597	0.575	-0.5352	0.685
BAX|Bax	0.7089	1.0271	0.4162	1.4547	-1.8023	0.2736	1.0274	-0.7599	1.3167	0.0581	-1.7071	-0.0801	0.2348	-0.1983	-0.6185	-1.5938	-0.7772	-0.7273	-0.822	-0.8377	0.3471	-0.5376	-0.2538	0.3431	1.9251	1.5745	-0.6885	-0.8185	-0.228	1.7433
BCL2|Bcl-2	0.7484	0.0939	-1.4956	-0.2429	2.2766	1.204	0.728	-1.7797	-1.2498	-0.1523	1.4136	-0.8027	-0.3056	1.5336	0.64	-0.4835	-0.9027	-1.2253	1.4607	-0.2857	-1.0065	-0.9386	-0.9578	0.0041	0.0308	0.7188	-0.0662	1.2617	-0.1733	-0.0463
BCL2L1|Bcl-xL	-0.0141	-0.4078	-0.7466	0.4805	-2.3947	1.435	0.2967	0.9407	0.1512	1.1635	-1.7579	-0.0138	1.2379	-1.2116	-0.4869	-1.1291	0.4101	1.9663	-0.664	0.0216	0.0991	-0.0388	0.5939	-0.2163	0.6256	-0.0878	-1.3648	-1.0556	1.6698	0.4979
BECN1|Beclin	0.173	-0.5726	-1.0467	-0.7264	0.8036	-0.8762	-0.6542	0.0331	0.4866	0.5564	1.149	-0.2495	-0.9821	0.0438	-0.0495	3.981	-0.3095	-0.9013	0.62	-0.8083	0.1584	0.9642	-1.2087	-0.8404	-0.1207	-0.6252	0.6166	0.534	-0.8743	0.7263
CTNNB1|beta-Catenin	-1.0999	-0.1495	-0.2292	-2.2962	0.2133	0.4135	0.4485	0.2397	0.513	1.3162	0.8302	0.3741	0.6047	-0.0654	0.3814	-2.3507	-0.0973	1.1465	0.6051	0.0009	0.8622	-0.7077	0.0905	-0.253	0.8176	0.8002	-1.0619	0.5932	0.8225	-2.7623
BID|Bid	0.8037	-0.3998	0.0986	0.3156	-1.8493	0.1055	0.7433	0.326	-0.1046	0.2035	-1.2802	-0.3553	-0.1564	-0.9404	-0.8592	3.38	-0.1449	0.2127	-0.4505	-0.6157	-0.5039	1.9602	0.0765	-0.3866	0.3875	-0.2763	-0.9676	-1.2136	0.3204	1.5709
BCL2L11|Bim	-0.3342	0.9881	-0.9472	1.2319	-0.5606	0.3273	0.7738	-0.0249	-0.0139	0.7502	-0.91	-0.4824	1.4513	-1.0243	1.256	-2.3376	-0.7745	-0.0647	-0.3236	-0.012	-1.4391	0.8711	-1.1212	1.7463	1.52	1.4993	-0.71	-0.1575	-0.4674	-0.7102
JUN|c-Jun_pS73	-0.155	-0.1882	-1.0704	1.1064	2.5228	-0.3097	-0.5118	-0.5185	-1.6999	-0.4264	1.7617	-0.1872	-0.4402	1.7431	1.2461	-0.8844	-1.0273	-0.3942	0.8965	0.6313	-0.8484	-0.2091	-1.0272	-0.3344	-0.5074	-0.379	1.0482	1.4078	-0.9402	-0.3051
KIT|c-Kit	2.3042	0.0964	-1.4195	0.2007	0.8531	0.3063	-0.9565	-1.3018	-0.8714	-0.0403	0.3377	-0.8233	-0.9869	0.4857	0.1628	0.8301	-0.722	-0.424	-0.1368	-0.7948	-0.5344	2.7696	-1.4581	-0.6024	0.3434	1.416	0.6707	0.475	-0.8331	0.6536
MET|c-Met_pY1235	1.4453	-0.5478	-0.7108	1.2499	-0.9027	-0.1951	-0.4383	0.2637	-0.5598	0.1641	-0.9262	-0.1743	-0.3005	0.0103	-0.7435	1.79	-0.1991	0.1997	-0.2764	-0.99	-0.6871	1.9531	-0.9599	-0.3747	0.7337	-1.3867	1.5098	-0.6474	-0.9192	2.62
MYC|c-Myc	0.7742	-0.6829	-1.3926	0.5148	0.5416	0.3775	-0.9755	-0.3342	-0.993	0.8259	0.4986	-0.1981	-0.5998	0.1539	-0.0978	-0.1708	-0.6222	0.4277	0.0027	-0.6028	-0.1021	1.833	-1.2641	-0.6101	0.0855	-1.398	3.7742	0.2034	-0.3914	0.4223
RAF1|C-Raf	1.5708	-0.0748	1.383	-2.052	-1.8069	-0.3558	0.2948	1.2435	-1.1485	0.7396	-0.4727	0.7304	0.0628	-2.1534	0.4146	2.0818	-0.3026	0.7208	0.3956	-0.4077	0.5872	0.5941	-1.1986	-0.2995	-0.2909	-0.2336	0.289	-0.7625	0.7478	-0.2961
RAF1|C-Raf_pS338	1.75	-0.0894	0.5006	1.5697	-0.2525	0.0833	-0.0655	0.3637	-0.3705	0.2478	0.0111	-0.2466	-0.9188	0.0489	-0.5749	2.3729	-0.7379	-0.2174	-0.4519	-0.7167	-1.4793	2.1074	-1.1164	-0.5846	0.1461	-1.6999	0.2253	-0.8868	-0.7703	1.7526
CASP7|Caspase-7_cleavedD198	1.1938	1.0341	2.3705	0.8365	-0.2422	-0.9369	-0.9078	-0.8587	-0.7556	-0.8488	-0.2925	-0.7939	-0.9161	-0.5288	-0.472	1.3379	-0.9322	-0.4934	-0.0288	-0.0909	0.815	0.3911	2.5196	-0.6118	-0.5117	-0.6217	-0.5961	-0.6944	-0.1978	1.8338
CAV1|Caveolin-1	0.7024	-0.2211	0.3627	-0.2486	-0.8522	-0.4751	0.4371	-0.6783	0.4593	0.4987	-0.6453	-0.7727	-1.2991	-0.5344	-0.6653	3.782	-0.5168	0.1617	-0.118	0.048	-1.0837	-0.9386	-0.4594	-0.3546	0.4215	0.0444	-0.5197	0.1218	2.2687	1.0747
PECAM1|CD31	0.4851	-0.7923	-0.9354	0.6906	2.2864	-0.2146	-1.4086	0.5501	-1.5133	-0.474	1.7464	-0.1007	-1.0037	1.5268	0.9416	-0.0064	-0.7402	0.0134	0.7128	-0.804	-0.7791	0.0926	-1.3054	-0.4769	0.2347	-1.5803	1.4498	1.0121	-0.262	0.6544
ITGA2|CD49b	1.0217	-1.238	-1.211	1.2634	-0.5906	0.1188	-0.7013	0.5316	-0.9258	0.2294	-0.6875	-1.0756	0.1832	0.5082	-0.2057	-1.8686	0.4019	0.3617	-0.7735	-1.0913	-0.3211	-0.9016	1.5134	-0.7857	2.2738	0.4473	0.4723	-0.073	1.0741	2.0496
CDK1|CDK1	0.8473	-0.3774	0.3099	0.9131	0.8438	0.2051	-1.1225	-0.0016	-1.2594	0.746	1.1988	-0.7567	-0.4979	0.4252	-0.3128	0.8914	-0.7993	-0.8832	-0.3939	-0.6325	-0.4594	1.93	-1.6467	0.0743	-0.2596	-1.8372	2.5431	0.483	-1.0695	0.8987
CHEK1|Chk1	-0.6821	0.0488	1.0249	0.5366	-1.4306	-1.1251	-0.4224	0.0416	-0.4661	0.9311	-1.2697	0.5725	1.0453	-0.3335	0.6501	0.9526	1.0253	-0.7078	-1.5351	-0.7197	1.1593	1.2253	-1.6446	1.3436	-1.0712	2.0464	0.4684	-1.1041	-0.7441	0.1844
CHEK1|Chk1_pS345	0.4433	-0.4313	-0.3219	1.2922	1.5508	0.3446	-0.6577	-0.7893	-0.4222	-0.9026	1.7306	0.1901	0.0779	0.9768	0.8881	-3.8101	-0.0683	-0.27	0.2645	-0.5865	0.0554	-0.4817	-1.0344	0.5312	-0.3095	-0.6055	0.5619	0.7174	0.4006	0.6656
CHEK2|Chk2	0.5296	-0.6013	1.6106	0.0881	0.2649	-1.4696	-0.2615	-0.944	0.2614	-0.6465	0.6883	-0.5334	-0.9398	1.1867	0.4971	-2.5322	1.28	-1.4649	0.0072	0.3555	0.453	-0.3415	-0.6178	0.2291	0.3812	1.0845	0.2348	0.6685	-1.5698	2.1018
CHEK2|Chk2_pT68	2.0581	-0.0999	-0.0979	1.5214	-0.3313	-0.0272	0.7259	0.1319	-0.8112	0.1252	0.196	-0.458	-0.5646	-0.2292	-0.4592	-0.1884	-0.7028	-0.5477	-0.0601	-1.2131	-1.2093	3.0173	-0.6923	-0.4853	0.3915	-1.4512	0.1813	-0.3295	-0.6074	2.217
BIRC2 |cIAP	0.7057	-0.385	0.4994	0.8026	-1.1415	0.1203	-0.7534	-0.8017	-0.0311	0.196	-1.3705	0.1644	-0.997	-0.8199	-0.052	-0.2242	0.6695	-1.1904	0.3568	-0.0344	0.5393	-0.7311	-0.1279	-0.0453	1.0611	-1.0174	3.8235	-0.9731	0.5955	1.1616
CLDN7|Claudin-7	-0.5247	-0.7618	1.4639	1.8803	-1.2979	0.2646	-0.2931	0.3213	-0.8818	0.8732	-1.2736	0.3565	0.7107	0.9175	-0.8783	-2.2155	0.6956	1.6255	-1.7314	0.9693	-0.5848	-0.0956	0.1727	0.5234	0.4665	-0.4522	-0.0893	-1.3994	1.0268	0.2118
COL6A1|Collagen_VI	0.6073	-0.4135	-0.6246	0.1693	-0.2881	-0.3507	0.5599	-0.3439	-0.2759	-0.4219	-0.1086	-0.6746	0.1475	0.12	-0.321	4.7708	-0.3154	-0.9066	0.0726	-0.6181	-0.6907	0.2005	-0.5564	-0.3957	0.2096	-0.6311	0.2434	-0.1255	-0.3889	1.3499
CCNB1|Cyclin_B1	-0.9808	1.0619	1.9385	1.9369	0.4391	-2.1648	-1.1062	-0.5312	-1.5952	-0.0652	0.0598	0.6718	-2.2789	0.6401	0.5052	-1.4486	0.6516	-0.9551	-0.0773	0.58	0.4329	0.7042	-0.1917	0.1484	0.0883	0.1553	0.5243	0.0689	0.4706	0.3176
CCND1|Cyclin_D1	1.1603	-0.3937	0.5058	0.3196	-0.9109	-0.2254	1.0586	0.2188	-0.2955	-0.7602	-0.2144	-0.9502	-0.5435	-0.3047	0.2126	2.5027	-1.0747	-1.2418	1.4857	-1.1038	-1.3372	1.3251	-0.4566	-1.4339	0.6368	-0.2223	0.8679	-0.436	-0.4499	2.0612
CCNE1|Cyclin_E1	0.0405	0.9201	-0.6028	2.0879	0.633	-1.5759	-1.1462	-1.7453	1.2151	-0.518	0.367	-0.4708	-1.1999	0.8515	0.0814	-1.9702	0.4524	-1.1217	0.532	-0.1321	-0.1298	-1.2515	-0.1247	0.3791	-0.136	1.7441	0.3541	0.4616	0.7626	1.2429
PARK7|DJ-1	1.6882	0.5837	0.0663	1.5885	-0.9706	0.146	-0.2629	-1.8559	0.4247	0.4361	-0.3248	-0.6803	-0.1442	-0.5255	-0.0948	1.8174	0.4708	-0.2871	-1.2615	-0.4058	-1.5759	-1.691	1.1072	0.4602	0.8068	-1.3719	0.5628	-0.6679	0.2073	1.7543
DVL3|Dvl3	-0.7572	0.4371	-0.9004	-0.8519	-0.562	0.3095	-0.8625	0.0137	-0.2616	1.1841	-0.1213	2.9014	0.7161	-0.2922	0.6258	-2.8355	0.8235	0.7681	-0.3389	-0.0004	-0.392	-1.0571	0.4531	0.4489	1.8811	-0.1453	-0.8735	-0.4051	0.2172	-0.1226
CDH1|E-Cadherin	-1.0279	-0.3277	0.0752	-0.5824	0.0269	-0.0946	0.1934	0.625	-0.5004	1.3713	-0.017	1.0087	1.2925	-0.6709	0.4334	-2.8158	0.681	0.7101	-0.9594	0.8304	1.5079	-0.1748	0.0703	0.14	0.3462	0.3395	-0.4842	0.3914	0.5788	-2.9669
EEF2|eEF2	-0.0546	0.7958	0.107	1.6428	-1.0271	0.0522	-0.9638	-0.3684	1.3758	-0.426	-0.9531	0.8752	0.6243	-0.4583	-0.2021	-3.1643	1.661	-0.6398	-0.3531	-0.1965	-0.5027	-1.3366	0.2347	0.2557	1.9101	0.6532	0.3188	-0.1442	0.5889	-0.3049
EEF2K|eEF2K	-1.2588	-0.7344	-1.0497	-0.8232	0.8409	-0.2067	-1.699	-0.4027	0.5471	0.3141	1.0777	1.1002	0.9501	0.0382	1.307	-1.3266	2.6222	1.1342	0.5131	-0.6091	0.121	-1.2442	0.1615	-0.163	-0.0496	0.1188	-0.5336	0.3546	0.8121	-1.9124
EGFR|EGFR	-0.518	0.0741	-1.3561	-1.2191	-0.2949	1.0241	-0.738	-0.8091	0.1361	0.4339	0.1105	-0.5805	1.0531	-0.9257	1.4421	1.5826	1.3293	-0.8542	-0.5157	-1.2181	-0.2421	-0.1833	0.1201	-0.8094	-1.0046	0.4829	-0.2453	-0.2175	3.1606	0.7823
EGFR|EGFR_pY1068	-0.2757	-0.2828	-1.0105	0.4942	2.8401	-0.1977	-0.9242	-0.831	-1.1451	-0.4954	2.1511	-0.1281	-0.7652	1.651	1.1557	-1.0945	-0.1655	-0.0691	0.6318	0.2579	-0.5775	-0.0258	-0.7558	-0.2437	-0.4585	-1.3823	0.8587	1.4877	-0.5779	-0.1221
EGFR|EGFR_pY1173	0.7563	-0.5425	-0.2827	0.6756	-1.816	0.188	-0.4746	0.1355	-0.4803	0.3613	-1.1797	0.1614	-0.1985	-0.5669	-0.6016	4.0591	0.0485	-0.0004	-0.9311	-0.5693	-0.2773	0.9092	-0.1149	-0.2631	0.3785	-0.7236	0.6517	-0.7387	-0.0549	1.4909
EIF4E|eIF4E	1.8228	0.797	1.2601	2.8107	-0.3451	0.0919	-0.0961	-0.0335	-0.1848	0.3209	-0.5565	1.046	0.3481	-0.1307	-0.8336	-0.5941	0.4535	-0.2411	-0.9834	0.0173	-1.2215	-1.0555	0.5851	1.1895	0.9497	-1.5433	-0.6811	-1.0536	-0.3803	-1.7585
ESR1|ER-alpha	0.0257	-0.3023	-1.0729	0.3517	2.7559	-0.4151	-0.5534	-0.7264	-0.8999	-0.5687	2.3105	-0.2796	-0.7983	1.1682	0.9847	1.4838	-0.9246	-0.2264	0.5637	-0.476	-1.0134	0.3483	-1.098	-0.257	-0.398	-1.2315	0.4906	1.3647	-0.7913	0.185
ESR1|ER-alpha_pS118	-0.5673	-0.8567	-1.1514	0.9442	-1.2036	0.3379	-1.1439	-1.1137	-0.6495	0.6958	-0.4921	1.3309	-0.2563	-0.3939	0.5085	0.412	1.3984	1.0087	-0.4428	-0.4154	0.987	-0.6082	-1.1088	-0.2412	0.01	-0.7221	3.3995	-0.3396	-0.2348	0.9083
MAPK1|ERK2	1.3491	-0.0867	-0.5907	0.4366	1.5406	-0.3114	-1.5759	-1.082	-1.4392	0.3214	0.7299	0.4371	-0.5369	0.0791	-0.1993	1.3073	0.8157	-0.6155	-0.138	-0.8922	-0.8604	-1.183	-0.9455	0.1305	0.2188	-0.9475	3.0262	0.6254	-0.5441	0.9308
FN1|Fibronectin	0.2835	-0.9983	0.1112	0.6678	-1.4874	-0.8534	0.5469	0.682	-0.1284	1.6441	-1.4102	0.5096	0.1634	1.0218	0.223	0.2069	-0.4395	-0.0648	-0.7192	-1.2845	-0.5137	1.9376	-0.7478	-1.4185	1.3773	-0.5237	0.4103	-0.5595	-1.0638	2.427
FOXO3|FOXO3a	0.4432	-0.2986	-1.0041	1.2891	1.878	-0.9854	-0.5479	-0.9961	-0.7931	0.25	1.479	-0.3648	-0.7598	1.2756	1.0933	1.226	-0.7173	-0.3277	0.4438	-0.7688	-0.9225	0.664	-1.4464	-0.5581	0.1678	-1.7375	1.3478	1.2098	-1.2079	0.6687
GAB2|GAB2	-0.6348	-1.0667	0.1708	-1.7343	-1.0724	-0.773	-0.3224	0.8216	0.0944	0.5402	-1.1707	0.8287	0.1545	-0.1769	0.675	-0.5186	-0.1424	-0.2225	1.01	0.179	1.7806	2.9632	0.0642	-0.1867	0.1034	1.2593	-0.779	-0.235	0.4384	-2.0482
GATA3|GATA3	0.5559	-0.2277	-0.9925	0.2151	1.1905	-0.2227	-0.7138	-0.4501	-0.075	0.2138	1.0292	-0.2271	-0.5782	0.591	0.4841	4.0376	-0.1702	-0.4838	0.7031	-0.5829	0.0161	-0.7001	-1.8628	-0.5921	0.2395	-0.3751	0.0398	0.5939	-1.426	-0.2292
GSK3A GSK3B|GSK3-alpha-beta	1.0238	0.3457	0.3792	1.4596	-2.0473	0.6386	0.1687	-0.5734	1.9719	0.5768	-1.7854	-0.0775	0.3341	-0.7911	-0.8954	-1.5661	-0.0139	-0.5131	-0.8606	-0.4998	0.1655	-1.5061	0.0489	1.2288	0.7908	0.3275	0.3845	-0.8759	0.3224	1.8387
GSK3A GSK3B|GSK3-alpha-beta_pS21_S9	0.5266	1.2824	0.8383	-0.1386	2.0277	-0.3647	0.7735	0.1455	-0.6406	-0.9599	1.05	-0.4764	-2.0663	0.6525	-0.8738	-2.1466	-1.6495	-0.8722	0.1852	0.352	-0.5602	-0.1506	-0.062	0.4773	-0.6504	1.1878	1.7242	0.7712	-0.3932	0.011
ERBB2|HER2	-1.1832	-0.7006	-1.5261	-1.167	0.8688	1.6037	0.354	-0.3887	-0.467	0.7092	0.771	2.2872	1.8939	-0.6876	-0.2053	0.004	1.421	0.956	-0.432	-0.4694	-0.6102	-0.5684	0.3531	0.8104	-1.0226	-0.8571	-1.6865	-0.1873	0.6473	-0.5203
ERBB2|HER2_pY1248	0.3141	-0.6222	-0.2231	0.1474	-2.6539	0.7933	0.0849	0.1619	-0.4016	0.3632	-1.0779	0.9912	0.9131	-1.5455	-0.6719	2.5032	0.9459	0.4097	0.2425	-0.7107	-0.2219	1.3716	-0.0648	-0.1691	-0.5231	-0.6502	-0.0298	-1.5072	0.1655	1.6654
ERBB3|HER3	-1.5036	-1.0552	3.1173	-0.8716	-0.5994	-0.1161	-0.6133	0.2376	-0.3334	0.845	-0.6098	0.5086	2.1557	-0.6209	1.0294	-1.1959	1.4174	1.2113	-0.0989	0.3587	0.4042	-1.1115	-0.181	-0.0535	-0.5829	0.142	-0.3655	-0.6936	-0.4571	-0.3641
ERBB3|HER3_pY1298	1.8327	-0.2931	0.0652	0.9513	-1.6383	-0.2207	0.5566	0.2786	-0.2778	1.0729	-1.1413	-0.5988	0.277	-1.1055	-0.7273	0.8752	-0.4535	-0.2151	-0.7173	-1.0725	-1.4962	0.9023	-0.2899	-0.1099	1.2783	-0.1228	0.5535	-1.2463	0.1784	2.9046
HSPA1A|HSP70	2.0256	-0.068	0.7053	1.7761	-0.9623	1.1038	1.5127	0.5748	-0.3746	-0.6247	-1.1752	-0.7207	-0.9506	-0.5723	-0.9837	2.0351	-0.5123	-0.634	0.4253	-0.9145	-0.6687	1.6065	0.1261	-0.449	0.1513	-1.1907	-1.0424	-0.9707	0.3109	0.461
IGFBP2|IGFBP2	0.8152	-0.3646	-1.0291	-0.9425	1.1775	-0.2669	-0.7057	2.1811	-0.5768	-0.629	-0.0883	-1.1569	-0.6687	-0.009	-0.0164	-0.7599	-0.4059	1.4246	-0.6642	0.1763	-1.4369	1.7317	0.2388	-0.3117	-0.8713	0.1003	0.9807	0.2	2.6745	-0.7969
INPP4B|INPP4B	0.4012	-0.4283	-0.678	0.414	1.5769	-0.7081	0.1464	-0.7227	-1.4577	-0.5851	1.6493	-0.7792	2.3335	1.752	0.8701	0.6755	0.0491	-0.4421	0.4672	-0.3811	-1.373	-0.3563	-1.5114	0.3129	-0.3413	-1.5083	0.5167	1.2873	-0.5522	-0.6275
IRS1|IRS1	0.5756	-0.8742	-0.5389	0.0745	0.0309	-0.545	-0.4725	-0.7705	0.2649	-0.6467	0.8179	-0.7288	0.6189	0.3017	0.0624	2.9053	-0.8534	-0.2832	0.3696	-1.3003	-1.057	2.253	-1.3524	-0.5391	0.1156	-1.5404	0.9848	0.6929	-0.015	1.4494
MAPK8|JNK_pT183_Y185	1.1006	0.3386	0.0181	1.6734	1.4367	0.0149	-0.7476	1.1953	-1.6099	-0.4877	1.1898	-0.6498	-1.499	0.7646	0.0195	-0.8848	-1.3428	-1.0361	0.3372	-0.2906	-1.1698	1.5268	-0.4507	-0.2426	0.1922	-0.9678	0.6056	0.6271	-1.3657	1.7043
MAPK9|JNK2	0.1061	0.5279	-0.4194	-3.5886	0.0386	0.1186	0.0971	-0.143	0.64	0.3475	-0.4175	0.099	0.098	-0.1086	0.56	-0.0201	0.6709	0.6278	0.2425	0.9446	0.8329	-2.1661	0.6304	-0.0155	1.2758	0.9019	-1.1061	-0.2059	1.1497	-1.7186
XRCC5|Ku80	-0.3896	0.6325	-0.2985	-0.2553	-1.6883	-0.0154	-0.5857	-0.2404	0.193	0.6272	-1.0306	0.7194	1.4319	-1.6486	0.7641	-1.3499	2.2616	0.5444	-0.4038	0.4399	0.777	-0.5112	0.7682	0.6963	0.207	1.2547	-2.374	-0.1341	0.7534	-1.1452
LCK|Lck	2.3764	0.9882	0.5449	0.0045	-0.6579	0.5885	-0.57	-0.0778	-0.1314	-1.0001	-1.2541	-1.1339	-0.0847	-0.6341	-1.2254	3.0933	-0.9242	-1.2339	0.9661	-0.2855	-0.2173	0.3677	0.772	0.5795	-0.1479	-1.1306	-0.4743	-0.0869	0.7024	0.2867
STK11|LKB1	1.96	-0.1498	0.4633	0.8396	-1.5229	0.4445	0.2444	0.7323	-0.4413	0.2178	-1.14	-0.7871	-0.5929	-0.8769	-0.882	2.585	-0.0464	-0.6641	0.0676	-1.1151	-0.5326	1.6268	-0.1342	-0.2564	0.7127	-1.3026	-0.1171	-0.9134	-0.2947	1.8754
MAPK1 MAPK3|MAPK_pT202_Y204	0.4453	-0.3514	-0.8188	0.5814	1.4553	-0.1748	0.7894	0.0724	-1.241	-0.4684	0.9488	-0.2191	-1.0836	1.2793	0.0699	2.9803	-1.1764	-0.7761	0.5022	1.2812	-1.1545	-0.2309	-0.5156	-0.5054	-0.7596	-1.4271	1.0699	0.5936	-1.2575	0.0912
MAP2K1|MEK1	0.2056	0.4488	1.2329	-2.3405	-0.4605	0.5571	0.2201	0.5113	-0.1002	0.1278	-0.6719	-0.1454	-0.4164	-0.247	-0.4267	0.8464	1.3076	0.1182	-0.0637	0.535	0.1088	0.2361	0.7078	0.3894	0.5588	0.2323	-0.8398	-0.7163	1.7012	-3.6168
MAP2K1|MEK1_pS217_S221	1.1112	0.2853	0.1993	0.7053	-1.4141	0.0524	1.0008	0.9513	-0.3996	-0.096	-1.1658	-0.8444	-0.676	-0.2835	-1.1226	3.4396	-0.7186	-0.8808	-0.1664	0.3229	-0.6886	1.2806	0.0671	-0.529	0.2462	-0.878	0.2843	-0.887	-0.7209	1.5253
ERRFI1|MIG-6	0.4671	-0.8493	-0.7562	0.5786	-1.1999	-0.706	-0.0393	0.524	-0.2609	0.0162	0.0713	0.2366	-0.437	-0.406	-0.6325	-0.1848	-0.5765	-0.7348	-0.8239	-1.0808	1.4446	3.2475	0.0478	-0.9329	0.5225	-0.6251	2.4731	-0.3358	-0.3747	1.3273
MRE11A|Mre11	0.9375	-0.5787	-0.805	0.6796	0.379	0.0473	0.0581	-0.7168	-0.9297	-0.2329	0.5833	-0.5487	-0.9189	0.2952	-0.6212	3.4411	-0.3884	-0.4321	0.6823	-1.1617	-0.7254	2.0171	-0.4716	-0.5589	0.2347	-1.5502	-0.0769	0.2044	-0.3796	1.537
MTOR|mTOR	-0.1257	-0.4018	-0.2427	-0.3403	0.1135	1.393	-0.5505	-1.3564	-0.7947	0.1507	-0.0895	2.4071	-0.0668	-0.7082	-0.1366	-0.8193	0.6807	0.7203	0.116	0.4645	1.0937	-1.39	0.7362	0.1291	0.1511	1.5907	0.6147	0.0649	-0.2399	-3.1636
MTOR|mTOR_pS2448	0.2189	0.0444	-0.6195	1.3888	2.2238	0.6362	-0.7502	-0.9434	-1.7191	-1.45	1.8706	-0.0357	-0.4084	1.3278	0.6478	0.8368	-0.3398	-0.3429	0.7457	0.0645	-0.5436	-2.077	-0.8018	-0.2946	0.0169	-0.1768	0.4927	1.342	-0.4504	-0.9035
CDH2|N-Cadherin	0.6305	-0.2107	-0.969	0.1641	1.476	-0.3748	0.4545	-0.9405	-0.659	0.1662	1.1382	-1.0505	-1.2326	0.7351	0.3851	2.4227	-0.7279	0.3299	1.6122	-1.2398	-1.3598	1.387	-0.8914	-0.9105	-0.0544	-1.7101	0.3383	0.5762	-0.2744	0.7894
NFKB1|NF-kB-p65_pS536	0.6823	-0.7939	-0.5547	-0.2867	1.0162	-1.1651	0.5953	2.0984	-0.0453	-0.6373	0.5148	-0.8572	-1.802	-0.288	-0.4953	2.1269	-0.9625	-0.664	1.847	-0.187	1.024	1.7626	-0.6946	-0.9341	-0.8471	-0.4131	-0.6567	0.4469	0.1145	0.0556
NF2|NF2	-0.499	0.6721	1.1254	-1.8657	-2.4668	0.5104	1.3183	-0.4184	0.1483	0.6497	-1.5472	1.336	0.3704	-0.0011	0.059	-0.8624	1.64	-0.1587	-0.8525	0.4681	-0.5936	-1.2246	-0.283	0.4756	1.4099	1.4922	-0.1726	-0.4071	-0.6636	0.341
NOTCH1|Notch1	0.3446	-0.7444	-1.2977	-0.1882	1.9326	-0.5178	-1.033	-1.1431	-1.317	1.3025	1.1596	0.112	-0.9492	0.8169	0.4457	1.823	-0.9367	0.6653	0.7522	-1.1099	-0.9027	1.3657	-0.687	-0.3437	0.464	-1.5315	0.8178	0.7984	-0.7884	0.6899
CDH3|P-Cadherin	2.4059	-0.4358	-1.9483	0.1448	2.024	0.2283	-0.3528	-0.1295	-0.5553	-0.2711	1.5604	-1.1173	-0.1904	0.3792	0.4365	0.6815	-0.9417	1.0775	-0.1971	-1.1949	-0.4481	1.0665	-1.5889	-0.8747	-0.2734	-1.09	0.9299	0.0959	-0.2435	0.8225
CDKN1B|p27	1.7025	1.0285	1.6901	0.9376	-0.3773	-0.3167	-0.2471	-1.2834	-0.4976	2.4143	-0.3716	-0.918	-1.2289	0.1282	-0.9949	-2.1528	0.1499	0.4687	0.0133	-0.5728	-0.5555	0.2089	-0.2025	0.7263	0.7848	-1.2531	1.0358	-0.1243	0.73	-0.9225
CDKN1B|p27_pT157	-0.2354	0.0399	-1.5887	0.5492	2.5176	-0.4941	-1.1307	-0.8662	-1.3917	-0.5202	1.7036	0.0039	0.2782	1.2229	0.9741	1.1607	0.0111	-0.1852	1.0015	-0.3919	-0.5132	0.4825	-1.616	-0.3173	-0.313	-1.2641	0.8283	1.3707	-0.638	-0.6784
MAPK14|p38_MAPK	1.3919	0.6701	1.0923	1.5206	-1.8252	0.8971	0.3843	0.0841	0.9164	0.4047	-1.7998	1.2163	0.3718	-1.4608	-1.3696	0.1619	0.4415	-0.1984	-0.0591	-0.2436	0.4796	-1.7885	-0.0801	0.4744	0.5707	0.3136	-1.9101	-0.8446	-0.6669	0.8556
MAPK14|p38_pT180_Y182	1.6471	1.7891	0.9896	2.0862	-0.2934	-0.7319	0.3773	1.0351	-0.1285	-0.8491	-0.7744	-0.5308	-1.7737	0.2948	-1.2413	-0.537	-0.9894	-1.5915	0.3167	0.5362	-0.0424	-0.0517	0.2628	0.4181	0.3647	-0.6141	-1.1421	0.1666	-0.8643	1.8712
TP53|p53	-0.2072	-0.2163	-0.2462	0.7732	2.4457	-0.4976	-0.9503	-0.8846	-0.9384	-0.2195	2.2055	0.0698	-0.5134	1.6129	1.1543	-1.6209	-0.4463	-0.0386	0.7455	-0.3499	-1.2043	-0.0829	-1.0423	0.2662	-0.0877	-1.3149	0.6018	1.5996	-0.7401	0.1266
RPS6KB1|p70S6K	-1.0595	-0.0694	-0.5445	-3.1073	0.0268	0.6478	0.1937	-0.1938	0.6678	-0.0204	0.1343	0.8782	0.3811	-0.485	1.0757	-2.1313	2.4155	0.1979	-0.066	0.3389	0.1247	-0.5346	0.5708	0.7017	0.9742	0.4217	-0.823	-0.1911	0.7425	-1.2671
RPS6KB1|p70S6K_pT389	1.1119	-1.0205	-0.8566	-0.3022	1.1902	0.8497	-0.1151	-1.181	-0.9351	-0.7492	1.0351	0.2404	-1.0621	0.1045	0.0014	2.6333	-0.1726	0.1549	0.9877	-0.8599	-1.1199	1.9716	-0.6486	-0.0371	-0.3367	-1.8064	-0.227	0.3233	-0.455	1.2809
RPS6KA1|p90RSK_pT359_S363	0.9624	-0.6955	0.9822	0.0463	1.8512	-0.5021	0.3621	-0.5999	-1.1917	-0.5096	1.2615	-1.0654	-1.0671	0.9719	0.2325	1.0607	-1.1208	-0.0068	1.1484	-0.7585	-0.555	2.1263	-1.488	-0.5628	0.0334	-1.7494	0.0441	0.8161	-0.892	0.8656
SERPINE1|PAI-1	0.2924	0.2944	-1.3401	0.8351	-1.1915	-0.4121	0.9758	1.282	-1.0215	0.2635	-1.2978	-1.0201	0.1252	-0.1767	-1.1216	-1.803	0.5062	0.8803	-0.9523	-0.4988	-0.3466	0.9772	0.7439	-1.3086	0.5977	0.7071	0.81	-0.6266	1.8975	1.9291
PXN|Paxillin	-1.595	-1.1717	-1.3594	-1.113	-0.326	0.4161	-0.0471	0.4461	-0.7205	0.1606	0.2941	0.5333	1.1125	-1.2447	1.4184	-0.6372	2.1151	0.9267	0.6402	-0.0409	1.2273	-0.8738	0.8261	-0.141	-0.7946	1.1492	-1.3783	0.1868	1.3723	-1.3817
PCNA|PCNA	0.599	0.8358	1.6492	1.6915	-1.4461	-2.2669	-0.4238	-0.6269	-0.2508	-0.1044	-0.967	-1.4628	0.3793	1.0002	0.4428	-0.845	0.2853	-1.8063	0.3482	0.3207	-0.2145	0.3798	-1.1859	-0.494	1.2688	0.2405	1.4009	0.407	-0.2073	1.0528
PDK1|PDK1_pS241	-0.5065	0.2741	1.6131	-0.0753	-1.9993	0.0946	0.7537	0.4656	0.5014	1.3219	-1.7686	1.2025	0.6996	-0.8131	0.1441	-0.7669	1.3496	1.0344	0.2085	-0.5015	0.6891	-2.0079	0.8086	0.3645	-0.1761	-0.5918	-2.0337	-0.8651	0.4001	0.1805
PEA15|PEA15	0.9341	0.6335	-0.5017	0.5295	-2.399	0.4017	-0.2046	-0.0869	-0.1465	0.8068	-1.4307	-0.6843	0.5416	-0.8595	-0.9957	2.5061	-0.7383	-0.0732	-0.5581	-0.4348	0.0431	-1.4316	0.5777	0.1412	0.5016	0.1432	1.1246	-1.0598	0.6813	2.0388
PIK3CA |PI3K-p110-alpha	1.1205	1.0542	-0.0163	1.9103	-0.2875	0.3181	-0.9724	-1.8605	-0.7597	0.5091	-0.069	0.2546	0.5431	0.6929	0.0661	-1.8805	0.8533	-0.5284	0.0137	-0.2708	-0.8017	-3.0324	0.1977	0.6598	1.0732	-0.349	-0.1218	0.1483	0.3871	1.1479
PRKCA |PKC-alpha	-0.3617	0.0342	0.5115	-0.8718	-0.3144	-0.7055	0.8397	-1.5758	0.6701	-0.295	0.4178	-0.0193	2.2953	-0.77	0.9997	-0.1013	2.0817	-1.1331	0.5553	0.3225	-1.9817	-0.7374	-0.4404	-0.1047	-1.355	1.7921	-0.8564	-0.1449	0.9342	0.3144
PRKCA |PKC-alpha_pS657	-0.3102	0.0252	0.3542	-0.813	0.1448	-0.5487	1.002	-1.3207	0.685	-0.2574	0.8556	-0.0767	2.2187	-0.6093	0.8561	-1.5528	1.9316	-1.0287	0.5499	0.3086	-1.7932	-0.7314	-0.1296	-0.1168	-1.603	1.669	-1.0544	0.0384	0.804	0.5025
PRKCD|PKC-delta_pS664	-0.6178	-0.6827	0.4548	-1.0792	0.4571	0.4837	-0.1212	-0.4868	-0.9843	0.5106	-0.0005	0.0795	1.2209	-0.7054	0.1045	-3.0784	0.8674	0.3988	1.6016	0.7465	1.3142	-0.9815	-0.0078	0.3553	-1.2597	1.637	0.3304	0.3061	0.7264	-1.5896
PGR|PR	0.8159	-0.3814	-1.2164	1.2226	1.2136	-0.348	-0.7664	-0.0489	-0.3075	-0.0671	1.5805	-0.9064	-0.7656	1.0676	0.104	2.2182	-0.3819	-0.1996	-0.2346	-1.2116	-0.9494	1.1652	-1.4752	-0.7514	0.4653	-1.9907	0.8263	0.622	-0.5854	1.2863
AKT1S1|PRAS40_pT246	-0.3302	0.2072	-1.3265	1.473	1.1124	0.4293	-2.4316	0.5201	-0.6834	1.0891	0.1959	0.2973	-0.5066	0.1128	-0.7597	2.2459	-0.5815	-0.7008	-0.5743	0.4763	-1.2183	0.2614	0.0317	1.4726	-1.3907	-0.7406	0.6557	0.4347	-0.983	1.2115
PTEN|PTEN	-1.9025	-0.1019	0.2431	-0.0263	0.2314	0.8649	0.9294	0.4569	0.7164	0.222	0.3759	0.7497	0.4204	-0.2305	0.3608	-1.9668	1.0267	1.0617	-0.0319	0.3591	0.8034	-1.8766	0.165	0.8454	0.571	0.1841	-1.6653	0.0986	0.0445	-2.9286
RAD50|Rad50	0.3221	0.0936	-0.9489	2.7051	0.3376	-0.4605	-0.3432	-1.4055	1.1944	0.7545	0.1426	0.7917	-1.0323	1.2225	-0.2011	-2.4122	0.0989	-1.1228	0.7309	-0.0682	0.3642	-1.7281	-0.239	-0.0272	0.7298	0.3286	-0.7358	0.8319	-0.7757	0.8522
RAD51|Rad51	1.2261	-0.6803	-0.1088	-0.2513	0.8456	-0.2544	0.6028	-0.394	-0.5598	-0.2813	0.4795	-1.2406	-1.0646	0.3653	0.0381	2.2354	-1.2333	-0.7127	1.4437	-0.8235	-0.7019	3.0205	-0.6283	-0.4481	0.1848	-1.3302	-0.2969	0.2988	-0.644	0.9136
RB1|Rb_pS807_S811	1.0785	0.9439	1.4452	0.9119	1.3064	-1.4119	0.6388	0.1508	-1.9314	-1.1156	0.9563	0.0099	-1.1112	1.3777	0.1437	-1.7283	-0.3223	-0.604	0.538	0.2119	-0.2138	-1.1667	-1.1903	0.6463	-0.9222	0.7935	-0.4261	0.8244	-1.0268	1.1936
RPS6|S6	0.0487	0.4851	-0.5106	0.9755	-1.6252	1.0073	-1.1877	-0.702	-0.3384	0.3675	-0.8981	1.9673	0.758	-1.0984	0.3283	-2.6723	1.2995	0.7989	-1.4275	0.0637	0.9493	-0.6334	0.3033	0.3193	-0.1185	1.1285	0.9926	-0.5645	0.5293	-0.5454
RPS6|S6_pS235_S236	-0.4244	0.2627	0.3728	0.5408	1.5386	-0.1672	-0.966	-0.8357	-1.0244	-0.8377	1.1908	-0.2866	-0.9389	1.2202	0.558	1.0001	-1.2562	-0.4569	0.1572	0.8008	-1.0571	-1.6127	-0.6305	0.097	-0.4273	0.877	2.9052	0.984	-1.0814	-0.502
RPS6|S6_pS240_S244	-0.6268	-0.0214	0.0325	0.3003	1.7887	-0.5886	-0.932	-0.5978	-0.7804	-0.5929	1.8197	-0.4187	-0.7866	1.0536	0.6563	1.0296	-1.1642	-0.6101	0.2169	0.6218	-0.8285	-0.6906	-1.0368	-0.1569	-0.4158	1.0321	2.7999	1.0852	-1.1301	-1.0585
SHC1|Shc_pY317	-1.0183	-0.3966	-0.7589	-0.5775	1.534	0.7025	-0.87	0.0467	0.066	0.0827	1.3279	-0.8522	0.7875	1.1276	1.0126	-2.3097	-0.3328	1.1838	1.0354	0.0282	1.3995	-1.3259	-0.7131	0.8837	-0.1542	-1.1545	0.4704	1.1012	-0.6874	-1.6384
SMAD1|Smad1	0.2222	-0.2603	1.7178	0.5477	-2.4476	1.1286	-0.7173	-0.2471	0.0331	0.5431	-1.0402	0.7352	0.6039	-1.4962	-0.603	-0.9201	1.1857	0.2715	-1.0306	-0.3085	0.4918	-1.0849	0.8557	1.6056	1.3574	-1.0585	0.0873	-1.273	0.0518	1.0487
SMAD3|Smad3	0.4747	-0.0922	0.4265	0.3198	-3.2535	0.5866	0.0564	0.199	0.6572	-0.0421	-2.1437	1.0464	0.445	-1.2738	-0.6111	0.754	1.3284	-0.4486	-0.5322	-0.6251	0.6835	0.0693	0.1851	-0.6455	0.1538	0.3699	0.6153	-1.2888	0.7837	1.8018
SMAD4|Smad4	0.2676	-0.1153	-0.3431	0.8409	2.6667	-0.9667	-0.7215	0.9971	-1.1057	-0.3961	1.8104	-0.2607	-0.5744	1.3328	1.2625	-1.3589	-0.6143	-1.0012	0.5266	-0.3606	-0.8176	-0.4366	-1.0466	-0.1349	0.2068	-1.1723	0.6575	1.6354	-0.9682	0.1906
SRC|Src	0.4422	0.4395	0.2688	1.5532	-1.3693	1.468	0.2183	-1.122	0.8869	1.3929	-1.5848	-0.5261	0.3584	-0.016	-0.2569	-0.706	0.5845	-0.9377	0.418	-0.7403	0.2607	0.2732	-0.0983	1.2358	1.3266	-0.3304	-2.3537	-1.0535	-1.3274	1.2954
SRC|Src_pY416	1.3086	0.1995	2.0231	1.0325	1.7281	-1.1706	0.1465	-0.0904	-1.3456	-0.8155	1.3463	-0.4715	-0.5573	1.5208	0.6104	-1.9721	-0.6083	-0.3364	1.0045	0.2773	-0.4664	-0.3311	-0.5676	-0.3487	-0.2028	-0.8082	-0.0374	1.1018	-1.6778	-0.4918
SRC|Src_pY527	0.5531	0.5101	0.6419	2.7126	0.7025	1.0183	0.6396	-0.0493	-0.9444	-0.9588	0.3701	-0.4027	-1.2566	1.128	-0.5246	1.3116	-0.3892	-1.3791	0.5297	0.6898	-0.2098	0.4995	-0.1419	0.5322	-0.7166	-0.3602	-1.799	0.2484	-2.2021	-0.7532
STAT3|STAT3_pY705	1.2542	0.6172	0.6752	2.7146	0.4673	0.1493	-0.296	-0.4948	0.7664	-0.6742	-0.637	-0.4012	-2.3737	-0.1591	-1.09	1.2791	-1.058	-1.5437	-0.0855	0.5769	0.5324	0.7518	0.3931	0.2091	0.3477	-0.7334	-1.9111	0.1773	-0.0217	0.5681
STAT5A|STAT5-alpha	-0.2785	0.2373	0.3027	-1.8925	0.0187	0.7565	0.2658	0.897	0.5841	-0.4537	-0.4709	0.4289	0.0287	-1.1843	0.4311	0.2091	1.2258	-0.1816	1.6966	0.7577	1.7385	-2.2201	0.599	0.0942	-1.3391	0.2522	-1.4592	0.1428	0.8458	-2.0324
STMN1|Stathmin	1.3157	-0.3166	0.1453	0.5283	-0.6527	-0.1306	0.3918	0.1038	-0.3582	0.1474	-0.7964	-0.7285	-0.6047	-0.4428	-0.7933	3.249	-0.9283	-0.442	0.1606	-0.6797	-1.0924	2.4503	-0.3945	-0.1527	0.3218	-1.2243	0.2154	-0.6045	-0.4393	1.7522
SYK|Syk	-0.3921	0.311	1.6238	0.1376	-1.2872	0.2389	0.554	1.0829	0.1123	0.052	-0.9179	0.7958	-0.9169	-0.5157	-0.215	-2.8274	1.8411	-0.5687	0.6402	0.3004	0.2937	0.1008	0.7222	0.2718	0.2651	0.307	-2.5383	-0.2433	1.2205	-0.4484
TSC2|Tuberin	-1.3161	-0.6382	0.0091	0.311	-0.3531	0.8568	-0.2137	-0.1603	-0.351	0.7508	-0.2512	1.4213	-0.0484	-0.8822	0.411	0.0793	1.811	1.1511	0.5249	0.0804	1.3639	-0.8119	0.0246	0.3624	0.0311	-0.6544	-0.1516	0.0161	0.4849	-3.8577
KDR|VEGFR2	1.4587	-0.6129	-0.9136	-2.0276	-0.6345	-0.7821	0.7883	0.8335	-0.18	2.542	-0.176	-0.0882	1.232	-1.0322	-0.2199	0.4807	0.1978	1.0489	-0.6758	-1.1643	-1.4704	-0.1599	0.2062	-0.0547	1.2872	-0.3599	-1.3713	-0.1287	0.9508	1.0259
XRCC1|XRCC1	0.7114	1.4748	1.0122	2.1122	-0.9784	-0.8305	-0.715	-1.3282	0.4801	0.6134	-0.7817	0.5158	0.1263	-0.1498	-0.8356	-2.4105	1.2901	-0.4376	0.0251	-0.7538	0.5589	-0.7323	0.2873	0.6975	1.4803	-0.4466	-1.522	-0.6518	0.2787	0.9098
YAP1|YAP	0.752	-0.6814	-0.3371	0.609	-1.2132	0.0576	0.0808	-0.4544	0.6763	1.0493	-1.542	0.5974	-0.1861	-0.3667	-0.2215	3.0576	-0.7791	-0.3292	-1.1465	-0.9266	-0.5426	0.5253	-1.1635	0.0039	1.3413	-1.0566	-0.1503	-0.306	0.4387	2.2138
YAP1|YAP_pS127	0.7213	-0.8835	0.4495	-0.0262	-0.4159	0.7042	1.3092	-0.2969	-1.2968	0.3696	-0.6365	-0.8394	0.8825	-0.3123	-0.1837	3.1873	-1.7338	-0.5012	-1.2224	-0.3662	-0.1409	-0.7554	-0.7333	-0.2364	-0.5582	1.273	0.0754	0.1617	0.0067	1.9988
YBX1|YB-1	-0.0079	-0.2928	-1.1021	-0.2324	-1.5653	-0.3065	-0.6859	0.1142	0.928	1.5044	-0.7307	0.414	0.5557	0.2119	0.798	0.5168	0.1126	-0.8961	-0.5056	-0.596	-0.779	3.4915	-0.6741	-1.1425	0.6353	0.3928	1.5158	-1.2554	-0.0912	-0.3278
YBX1|YB-1_pS102	0.6896	-0.3858	0.1107	0.5496	-0.694	-0.3227	-0.662	-0.5055	-1.2627	-0.3723	-0.4717	-1.5275	-0.7914	0.4468	-0.3994	2.7622	-1.3262	-1.1686	-0.2923	-0.7645	1.5697	1.6239	-0.1164	-0.3992	0.3252	0.5935	1.5516	-0.1851	-0.2609	1.6856
EIF4EBP1|4E-BP1_pT70	1.0247	0.1105	-0.6718	0.8966	-1.2474	-0.7525	0.186	-0.0135	-0.504	-0.3204	-0.9576	-0.5211	-0.4488	-0.4408	-0.2746	1.2906	-0.5956	-1.1595	0.5117	-0.9852	-0.9098	0.6998	-0.3239	-0.899	-0.3249	2.3234	1.567	-0.5184	0.3758	2.883
ARAF|A-Raf_pS299	0.3507	-0.1506	-0.4208	0.8889	2.095	0.2387	0.1152	0.6351	-1.0192	-0.3567	2.072	-0.7256	-0.5752	1.7177	1.0111	-0.2516	-0.9451	-0.9697	0.4044	-0.3922	-1.4233	-0.1112	-1.7578	0.2519	-0.1765	-1.1676	0.6538	1.7016	-1.1454	-0.5477
ANXA7|Annexin_VII	0.9753	0.3877	-0.4246	1.5968	-0.4538	-0.4692	-0.1595	-0.8532	0.028	1.1769	0.3219	-1.238	-0.7786	0.5302	-0.5233	-1.3629	1.3197	1.318	0.9459	-0.9457	0.1436	-2.7578	0.1908	-0.2608	1.5109	-0.7818	1.5773	0.0478	-0.4981	-0.5632
ARID1A|ARID1A	NA	NA	NA	NA	NA	NA	NA	NA	NA	NA	NA	NA	NA	NA	NA	NA	NA	NA	NA	NA	NA	NA	NA	NA	NA	NA	NA	NA	NA	NA
BRAF|B-Raf	-0.1451	0.2451	0.9649	-2.3394	-0.492	-1.0658	-0.2334	0.5478	0.5816	1.2142	0.1964	-0.0155	0.6143	-0.9225	1.0219	-1.5929	1.0905	0.3129	-0.0166	-0.2978	0.6048	-0.3687	0.4757	1.0579	0.0894	0.5758	0.2175	-0.0116	0.9482	-3.2576
BAD|Bad_pS112	0.8336	0.6364	-0.372	0.8638	0.68	1.2055	-0.1596	0.216	-0.3508	-1.0223	-0.0018	-0.7775	-0.1759	0.0356	0.1319	-0.6785	-1.2668	-0.4745	0.6926	0.4011	0.6581	-1.3048	0.407	0.4619	-0.9421	1.3354	0.9911	0.9056	0.7713	-3.7003
BAP1|Bap1-c-4	-0.7879	0.1148	-0.4785	-0.1679	1.8294	-1.2498	-0.225	-0.5331	0.1387	0.8803	1.4295	-0.2157	0.5589	1.0427	0.6062	-1.8662	1.0884	0.5974	0.1973	0.7746	-0.9248	-0.9274	-0.007	0.72	-0.5743	-1.2021	0.3937	1.052	0.5585	-2.8229
BRCA2|BRCA2	NA	NA	NA	NA	NA	NA	NA	NA	NA	NA	NA	NA	NA	NA	NA	NA	NA	NA	NA	NA	NA	NA	NA	NA	NA	NA	NA	NA	NA	NA
MS4A1|CD20	-0.5472	-0.9505	-0.9567	1.3665	-0.5402	0.267	-1.2251	-0.778	-0.7156	0.8528	0.1638	0.9191	-0.3524	0.0259	0.6383	2.2783	0.7752	0.6519	-0.1783	-0.8216	1.074	0.1451	-1.9184	-1.2085	-0.0546	-1.0017	2.4195	-0.1603	-0.702	0.5336
CCNE2|Cyclin_E2	-0.681	-1.3173	-0.8612	0.8615	-1.1629	0.7141	-1.6804	-1.2029	-0.5039	1.0626	-0.5218	1.8263	0.3501	0.0332	1.1593	-0.3438	0.7605	0.6935	-0.2006	-0.3894	1.1452	-0.6414	-1.3148	-0.4535	0.4199	-0.0652	2.6542	-0.8692	-0.2732	0.802
ETS1|ETS-1	1.1968	-0.3713	-0.3296	0.5491	1.0778	-0.8178	-0.0344	1.2705	-0.4828	-0.5141	0.7834	-1.321	-0.3615	0.3085	-0.204	2.7223	-1.1136	-1.2584	0.9233	-0.2303	-0.269	0.8702	-2.2957	-1.1512	0.2697	-0.537	1.0759	0.484	-0.8623	0.6228
EIF4G1|eIF4G	-1.7156	-0.9365	-0.9324	-2.2106	0.7539	0.0262	-1.0383	0.5368	-0.2205	1.0028	0.943	0.3849	1.1914	-0.3566	1.1044	-2.2717	1.1851	0.8492	0.6172	0.2759	1.0316	0.3902	0.1279	-0.4668	-0.2973	0.2293	0.2727	0.415	0.9055	-1.7968
FASN|FASN	-0.4676	0.5359	-0.0579	0.6039	0.7186	-1.3874	-0.131	-2.2977	0.5276	-1.4705	1.6082	1.4617	-0.0438	0.2074	0.9608	1.9356	1.4419	-1.3505	-0.516	-0.4635	-0.1521	-0.4275	-1.6628	0.0401	0.5183	0.5668	0.3514	0.0756	-1.1956	0.0702
FOXO3|FOXO3a_pS318_S321	0.7038	-0.746	-1.6249	-0.0653	1.3837	0.4574	0.0097	-1.5214	-1.1437	-1.061	0.6056	-0.0484	-0.2049	-0.19	-0.3667	2.6964	-0.337	-0.644	0.39	-0.737	0.2898	0.3835	-1.3426	-0.1809	-0.0731	-0.4745	2.4287	0.6084	-0.4539	1.2584
FOXM1|FoxM1	0.0779	-0.4164	-0.6163	0.5622	1.9573	-0.9356	-0.8717	-0.293	-1.363	-0.4218	1.5961	-0.7483	-1.1886	1.5991	0.5356	2.1892	-1.1375	-0.5302	0.4337	-0.3301	0.4349	1.3987	-1.0999	-0.2499	-0.0947	-1.3528	0.3225	1.2074	-0.8165	0.1516
G6PD|G6PD	0.2137	0.3039	0.114	-0.2286	0.3356	-1.0874	0.2424	-0.2567	3.1793	-0.692	-0.0731	-1.2761	-0.7927	0.4526	0.0029	-0.0466	-1.5338	-1.329	0.0744	-0.2252	-1.0428	0.2832	-0.1191	-0.5907	-0.1979	2.1147	1.3707	0.0923	-0.8612	1.5732
GAPDH|GAPDH	0.3526	-0.1478	0.8201	0.9529	-2.2989	-0.7005	1.3761	0.634	0.7243	0.239	-1.4485	-0.7919	-0.0055	-0.3006	-0.3952	-1.7955	0.2961	-0.5446	-0.4435	-0.32	0.2388	-1.615	0.2191	-0.645	0.3285	1.4499	2.3172	-0.4043	0.7984	1.1098
GSK3A GSK3B|GSK3_pS9	0.1656	1.6721	0.4855	1.4491	1.1784	-0.0582	0.2496	0.7394	-0.8312	-0.5814	0.8065	-0.345	-1.0945	1.3518	-0.0026	-2.8054	-0.8983	-1.0621	0.4352	0.9782	-0.2782	0.1238	0.2069	0.2866	-1.982	0.7197	-0.3728	1.0196	-0.8524	-0.704
NRG1|Heregulin	-0.5201	-0.3637	4.2078	0.2695	-0.4138	-0.2418	0.0813	0.5906	-0.5207	-0.2443	-0.3682	-0.4921	-0.3711	-0.4249	-0.6284	1.9714	-0.1022	-0.5718	-0.6611	-0.4767	-0.5636	1.564	-0.2991	-0.3606	-0.1896	-0.9551	0.0836	-0.4689	-0.3377	0.8073
MYH11|MYH11	0.8708	-0.3295	-0.36	0.2268	-1.843	-0.1156	0.8278	0.5533	0.1854	0.1696	-1.37	-0.2624	0.6131	-0.5656	-0.9324	2.9194	0.1056	0.6463	-0.3939	0.3184	-0.093	-0.648	0.174	0.9345	1.0523	0.5388	-2.3644	-0.1163	-1.6278	0.886
MYH9|Myosin-IIa-pS1943	1.0783	0.5083	0.6485	1.832	-0.1504	0.5293	0.9055	0.1476	0.1271	-2.1773	-0.1657	1.3115	0.454	0.6921	-0.5108	-2.9074	-1.2164	0.3487	0.0564	-0.1829	-0.8252	-1.2885	-0.2627	-0.636	-0.7158	0.3813	0.2096	0.474	-0.1942	1.5289
NRAS|N-Ras	0.3535	-0.2276	-0.9012	1.1751	1.1017	-0.7457	-0.9115	-0.3746	-0.3451	-0.1632	1.0359	-0.3461	-0.8334	0.6417	0.3501	3.5945	-0.527	-0.7408	-0.0703	-0.674	-0.6883	0.0524	-1.0045	-0.2214	0.0798	-1.2864	1.2237	0.5204	-1.2885	1.2209
NDRG1|NDRG1_pT346	0.6094	-0.7666	0.8515	-0.4494	1.82	-1.1339	0.8506	-0.1014	-1.5185	0.9304	1.0803	-1.0425	-1.2568	0.6909	0.2216	-0.0749	-1.4903	-1.1256	0.8617	-0.1764	-1.2648	1.2077	-0.5677	-0.7644	-0.8367	-0.6627	1.9747	0.5642	0.3209	1.2485
CDKN1A|p21	0.1964	-0.7257	1.1847	-0.5595	0.0279	-1.5288	0.8426	0.6873	-1.1066	-0.3674	1.4667	-1.1067	-1.5227	0.7255	-0.3702	0.5195	-1.2695	-1.0152	0.6124	-0.0515	-1.2012	0.9904	0.3297	-1.3755	-0.229	0.4715	1.526	0.6987	-0.2213	2.3718
CDKN1B|p27_pT198	0.9045	-0.395	-1.0704	0.2228	0.2471	0.6696	-0.9305	-0.0917	-2.1359	0.2891	-0.0078	-0.1766	-0.0923	-0.1346	-0.4279	2.3219	-0.3231	-0.6335	0.9047	-0.6577	-0.3104	2.1958	-1.0167	-0.2927	-0.3887	-1.3028	2.3499	-0.3177	-0.3013	0.9018
RPS6KA1|p90RSK	0.2809	0.3212	2.3077	-0.9225	-0.6461	-0.2078	-0.141	0.1802	-1.3725	-0.9966	-0.654	0.69	-0.2356	-0.5788	-0.5544	-2.1177	3.011	1.0257	0.0771	0.1199	-0.1877	-0.5291	-0.8052	0.1251	-0.8538	1.0935	0.4608	-0.1994	0.7368	0.5722
PDCD4|PDCD4	0.6011	2.0579	1.023	1.1641	-0.1648	1.1568	0.5205	-1.4285	-0.449	0.2358	-0.1278	-0.7247	-1.1034	0.1658	-0.8196	0.0542	-1.9917	-0.7336	0.2453	0.7485	-0.6031	-1.5851	0.0664	0.0548	-1.1169	2.3846	-0.937	0.7188	0.0739	0.5136
PDK1|PDK1	-0.2803	0.2692	1.4954	0.6437	-2.8829	-0.0857	0.3008	0.506	1.0555	1.1377	-2.6548	0.2013	0.9279	-0.6475	0.0963	-0.2078	1.114	0.1671	0.0569	-0.5392	0.4662	-1.5438	0.9382	0.1669	0.3781	-0.6819	0.0522	-1.273	0.5874	0.2362
PEA15|PEA15_pS116	0.1775	-0.3976	0.6554	-1.0171	-1.1048	0.352	0.0849	-0.0882	0.0481	0.7375	0.1726	-0.402	-0.2502	-0.8871	-0.1425	3.4726	-0.6897	-0.445	0.9263	-0.7183	-0.0319	2.1497	-1.0952	-1.704	-0.2372	-0.3306	0.7383	-0.6729	-0.4053	1.1046
PIK3R1 PIK3R2|PI3K-p85	1.23	0.3124	0.9234	0.4532	-1.5505	2.2815	-0.0835	-0.3196	-0.5574	0.1714	-1.4177	-0.1473	0.1562	-1.4438	-0.8498	0.6595	1.0995	-0.6052	-0.4072	-1.133	-0.4641	-1.913	0.6493	0.9166	0.0755	-0.0395	0.1163	-1.0018	0.8887	2.0
PRKCB|PKC-pan_BetaII_pS660	0.4629	1.295	1.3841	-0.7599	0.3718	-0.0179	0.291	0.2484	-0.2531	-0.7392	-0.1149	-1.0111	1.4181	-0.0054	0.0111	-1.0289	1.1101	-1.5875	1.2767	0.7149	-0.4822	-1.3393	-0.1994	-0.039	-1.9222	2.4149	-1.1981	0.2131	0.6132	-1.1272
PRDX1|PRDX1	0.3647	0.4543	0.2786	1.3726	0.396	-0.0012	-0.8412	-0.2339	1.5502	-0.9504	0.2093	-1.7578	-1.1178	1.1	0.2148	-0.9379	-0.8183	-1.0774	1.0023	0.0657	-1.4944	-1.219	-0.0845	0.4622	0.7992	-0.4484	0.4983	0.1252	-0.8118	2.9004
RAB11A RAB11B|Rab11	1.104	-0.1257	0.4814	1.0055	-2.6428	0.0625	0.8052	-0.1485	0.4016	0.1127	-2.1307	-0.3124	0.3143	-0.3166	-0.8213	2.3035	-0.5122	-0.3999	-0.4061	-0.6799	0.8405	1.1519	-0.3195	-0.971	0.9367	0.1376	-0.178	-1.1281	-0.1522	1.5878
RAB25|Rab25	-0.8945	0.2884	0.0153	0.3214	1.1401	0.6752	0.3772	0.1406	-0.0583	0.8792	0.6766	0.9701	0.4796	0.5544	0.1127	-3.9886	0.7649	1.0518	-1.1647	-0.2375	1.3669	-1.3907	-0.3186	-0.4293	0.1752	-0.3564	-0.9852	0.0421	-0.3457	0.1378
RPTOR|Raptor	1.0109	0.1247	-0.6479	-0.569	-2.6877	0.8202	-0.1657	0.4648	1.1228	0.7723	-2.0445	0.7811	0.1946	-1.1822	-1.2923	1.6173	0.4204	-0.0408	0.1615	-0.1645	0.4391	-0.3132	-0.597	0.2742	1.6986	1.0213	-0.0912	-1.6364	0.3343	0.1746
RBM15|RBM15	-2.462	0.3729	0.4006	-0.5216	-0.1537	0.9181	-0.1445	0.2733	0.0737	0.8017	-0.3327	1.4965	0.5761	-0.3182	0.0506	-2.7725	1.0848	0.5266	0.7542	0.5846	1.2819	-1.3454	0.3869	0.5348	0.0674	0.2838	-1.1736	-0.2132	0.7073	-1.7385
RICTOR|Rictor	0.5464	-0.4112	-1.0262	-0.1156	-0.519	-0.1069	0.414	-0.0595	-0.2567	-1.1509	-0.5991	-0.1586	0.2042	-0.34	-0.3598	4.7848	-0.0322	0.3337	-0.3983	-0.1159	-0.1042	-1.0062	0.103	0.6365	0.7713	0.067	-0.4417	-0.2611	-0.64	0.242
RICTOR|Rictor_pT1135	0.9146	0.0447	0.0962	0.6451	-1.298	0.0705	0.3321	0.6045	-0.2986	0.0108	-1.1412	-0.588	-0.5343	-0.6534	-1.2727	3.761	-0.6136	-0.1682	-0.4322	-0.5472	-0.5296	1.985	-0.1346	-0.6349	0.3693	-0.551	0.3435	-0.8477	-0.1649	1.2328
SCD1|SCD1	0.1667	-0.4521	-0.7882	0.9594	1.9322	-0.6918	-0.7781	-0.8359	-1.027	-0.0928	2.0887	-0.0746	-0.8129	1.7014	0.8313	0.3025	-0.9162	-0.4696	0.4495	-0.7315	-0.9608	-0.3411	-1.1258	-0.3177	-0.0828	-1.1246	1.3991	1.7573	-1.0817	1.1172
SRSF1|SF2	-0.1602	-0.3018	-0.065	0.9118	1.5784	-1.2554	-0.3133	-0.366	-0.9537	-0.2428	1.4902	-0.1095	-0.8009	1.5999	0.972	-0.2304	-0.5466	-0.8501	0.7142	-0.4943	-0.8329	-0.2116	-1.6592	-0.8089	-0.3071	-0.7504	2.1533	1.4108	-1.2083	1.6377
WWTR1|TAZ	0.5316	0.1658	-1.141	-0.1178	-1.4385	-0.3741	-0.4171	0.6929	-0.5096	0.8775	-0.8791	-0.4859	0.3208	-0.0487	-1.1599	2.3824	-1.0891	0.91	-0.5439	-1.032	-0.2144	1.937	-0.4159	-0.6538	1.1984	-1.0948	0.7548	-0.4883	0.0689	2.2639
TIGAR|TIGAR	0.1355	-0.5361	1.8224	0.5045	-1.0769	-0.4709	-0.6837	-0.2613	-0.4464	-0.1158	-1.2699	-0.7727	0.8623	-0.5696	-0.9154	0.0459	-0.1492	-0.9486	-0.4845	-0.965	0.6842	0.6082	0.0085	0.2701	0.1252	1.6539	3.6707	-0.6678	-0.3442	0.2867
TGM2|Transglutaminase	0.5605	-0.2227	0.5272	0.5705	-1.361	-0.7029	-0.7186	0.0769	0.95	0.1339	-1.0472	-1.0934	0.6513	0.5997	-0.0437	0.3332	-0.6366	-0.9973	-0.4741	-0.4997	1.7323	-0.8902	-0.3481	-1.0287	-0.267	-0.4812	3.518	-0.5644	0.2599	1.4637
TFRC|TFRC	1.5702	-0.4128	0.5733	1.0585	-0.7886	-2.0913	-0.1177	0.5772	-0.2042	-0.6044	-0.8852	1.0732	-0.6797	-0.3977	0.4472	-1.8757	-0.6243	-1.362	1.6542	-0.1353	0.7468	-0.2383	-0.7032	-1.034	0.7752	1.378	-0.1412	-0.3895	1.2859	1.5457
TSC1|TSC1	0.0133	-0.0809	0.2292	-0.2217	-1.776	0.6511	-0.2199	-0.4933	0.3419	0.3912	-1.3229	0.7503	0.467	-1.5269	0.502	1.7017	2.0009	0.1296	-0.7907	0.2639	1.4533	-0.6517	0.4574	0.6575	0.0378	0.3554	-2.705	-0.854	1.0269	-0.7873
TSC2|Tuberin_pT1462	-0.1995	-0.1398	-1.3529	0.9333	2.0804	-1.2336	-0.5623	-0.0429	-1.2402	-0.398	1.629	-0.1762	-1.3172	1.5236	0.4883	1.6667	-0.4856	-0.4372	0.8966	-0.0455	-0.7227	0.2069	-0.9979	-0.1521	-0.708	-1.428	1.1697	1.5573	-0.6656	0.1533
VHL|VHL	-0.1318	-0.5183	1.6959	-0.7243	0.7934	-0.9313	-1.3355	2.0059	-0.7578	0.3892	0.5865	-0.8334	-1.0338	0.954	0.5347	-1.2593	0.1652	2.3031	0.0446	-1.1296	0.6631	0.2009	-0.5867	0.0378	1.5342	-1.4329	-0.0113	0.4154	-0.9569	-0.6812
XBP1|XBP1	-0.2031	-0.724	-1.2882	-0.3893	0.8145	-0.7223	-0.6145	0.6754	0.4609	0.8505	0.8594	-0.4722	-0.8141	0.4653	0.3063	4.0245	-0.0781	-0.549	1.0911	-0.5393	0.4915	0.0468	-1.1469	-0.916	0.0038	-0.4721	0.2901	0.436	-1.1358	-0.751
TUBA1B|Acetyl-a-Tubulin-Lys40	-1.3548	-0.9709	-1.0533	1.4327	-0.5808	0.0451	0.2368	0.638	-1.9174	-0.9077	-0.6984	1.6821	1.0761	-0.6414	1.3318	-1.3782	-0.755	1.5439	0.1471	0.5945	0.5541	-1.0857	0.4069	-0.9633	0.0157	0.3355	1.9099	0.0881	0.6264	-0.358
SQSTM1|p62-LCK-ligand	-0.499	0.096	-0.5431	-0.8111	-0.5857	2.0708	2.1958	-0.2464	2.6957	-0.4406	-0.6473	-0.3418	-0.7375	-0.6397	-0.1813	-1.3689	-0.0241	-0.6023	-0.0702	-0.2405	0.5375	-0.6647	0.1789	2.1812	0.0014	0.9509	-0.1478	-0.5291	-0.8504	-0.7368
YWHAB|14-3-3_beta	0.7339	-0.6431	-0.4697	1.068	1.6317	-0.7488	-0.4589	-0.8278	-0.6726	0.1318	1.0993	-0.8618	-0.7812	1.2258	0.3587	2.9425	-0.0963	-0.882	1.1952	-1.2561	-0.4307	0.1859	-1.284	-0.7456	0.3223	-1.4318	-0.0432	0.636	-0.8042	0.9065
YWHAZ|14-3-3_zeta	0.9354	0.2764	1.0909	1.7532	-1.8694	0.2807	0.7395	-0.0465	0.4959	1.6817	-2.1062	-0.6207	0.4343	0.2927	-0.511	-0.2289	-0.9913	-0.6977	0.072	-0.1481	-0.687	-1.0663	0.53	0.6033	0.856	-0.5745	-1.4836	-1.2209	0.3198	1.8901
ACVRL1|ACVRL1	0.791	-0.3469	-0.7477	1.4776	0.8752	-0.8915	0.2564	-0.5352	-0.1073	-0.7381	1.2124	-1.1425	-0.5615	1.1077	0.0711	2.9454	-1.3951	-1.432	0.3046	-0.7392	-1.4385	0.9955	-0.3878	-0.8018	0.1466	-0.753	0.7664	0.7181	-0.4584	0.8085
DIRAS3|DIRAS3	0.097	-0.3543	-1.1729	0.8475	2.3389	-0.8508	-0.7715	-0.681	-1.0314	-0.5626	2.0475	-0.2477	-0.4974	1.8263	1.174	0.6161	-0.8852	-0.1655	0.5259	-0.191	-0.9632	0.1459	-1.1219	-0.5111	0.2026	-1.2678	0.8671	1.6627	-0.8594	-0.2169
ANXA1|Annexin-1	1.9003	0.9165	1.3117	0.1654	1.6044	-0.5325	-0.7844	0.2701	-1.2599	-0.9145	0.9526	-1.1078	-0.7058	1.2252	0.2952	1.4837	-2.0984	-0.4015	0.3025	0.0902	-1.649	-1.058	-0.2741	0.1264	0.5383	-1.22	-0.0102	1.0092	-0.1211	-0.0546
PREX1|PREX1	1.8499	1.11	0.9209	1.1866	1.4287	-0.0827	-0.8649	1.1988	-0.0726	-0.8992	0.6136	-0.7938	-1.53	0.8517	-0.3879	-1.0984	-1.2245	-1.5621	1.0443	-0.1689	0.0466	-0.7663	-0.7945	0.5938	0.5401	-1.4875	-1.2361	0.6926	-0.286	1.1776
ERCC1|ERCC1	-1.5753	-0.0505	-0.1875	0.0595	0.6146	-0.6887	-1.6806	-0.6194	-0.9199	0.5925	0.9221	-0.7055	-0.3744	0.5161	0.6154	-1.5717	1.6908	0.1157	0.5542	-0.585	0.9767	2.4543	-0.5104	0.0044	0.401	-0.3596	0.9159	0.8833	0.6418	-2.1298
MSH2|MSH2	-0.3207	0.0208	-0.796	0.8522	2.3351	-0.7627	-0.7997	-1.162	-0.9108	-0.5167	2.0015	0.2368	-0.388	1.722	1.3669	-1.4121	-0.1497	-0.2342	0.7248	0.2214	-0.4974	-0.8416	-0.976	0.1205	-0.0176	-0.693	0.6503	1.8659	-1.0087	-0.6314
MSH6|MSH6	-1.3846	0.4619	0.5053	-0.5827	-1.8929	-0.4041	0.6941	-0.4578	1.0093	-0.3834	-1.0425	1.3638	-0.1454	-1.3494	0.3031	-2.064	2.0211	-0.0676	0.107	1.8014	0.7866	0.9638	0.1746	0.1765	-0.1057	1.1279	-0.8179	-0.7248	0.703	-0.7767
DIABLO|Smac	0.4243	-0.7068	0.0126	1.2572	-0.5898	-0.0178	0.7104	-1.1756	-0.0763	-0.6562	-0.3255	1.176	0.3541	-0.3017	0.0825	-1.783	0.9349	-0.8686	0.4366	-1.1009	-0.4904	-2.4821	0.1019	0.3751	0.9248	0.3755	2.6201	-0.4211	-0.3498	1.5597
ADAR|ADAR1	-0.2923	-0.6062	-1.7425	0.741	0.878	-0.8099	-1.8527	-0.9422	-0.7118	1.9823	1.1634	-0.1365	-0.0033	0.6184	1.2513	-1.2619	0.071	-0.0828	0.1954	-0.9523	0.825	0.0768	-0.499	0.9567	0.2144	-1.1506	1.8738	1.0918	-1.3376	0.4422
CTNNA1|alpha-Catenin	-0.3471	-0.0212	-0.0439	1.3156	1.0756	-0.8182	-0.7155	-0.7802	-0.4816	1.1057	1.0218	0.5846	0.3217	1.3658	0.4883	-3.2193	-0.0438	0.3067	0.2086	-0.0256	-0.3694	-0.8937	-1.2549	-0.9183	0.4265	-1.0683	1.3041	1.1549	-0.8105	1.1316
NKX2-1|TTF1	0.8143	-0.7234	-0.9684	0.6947	1.3565	-0.7065	-0.54	-0.7884	-1.3653	-0.2452	1.0699	-0.792	-0.5671	0.9794	0.0034	2.9114	-0.4113	-0.8061	0.4864	-0.9332	-1.0363	1.4723	-0.7467	-0.3788	0.4224	-1.3152	0.5537	0.7872	-0.5322	1.3043
CASP3|Caspase-3	NA	NA	NA	NA	NA	NA	NA	NA	NA	NA	NA	NA	NA	NA	NA	NA	NA	NA	NA	NA	NA	NA	NA	NA	NA	NA	NA	NA	NA	NA
CASP9|Caspase-9	NA	NA	NA	NA	NA	NA	NA	NA	NA	NA	NA	NA	NA	NA	NA	NA	NA	NA	NA	NA	NA	NA	NA	NA	NA	NA	NA	NA	NA	NA
PARP1|PARP1	-0.0326	1.2894	0.2386	2.6777	0.1326	-1.2782	-1.2024	-1.0133	0.2344	0.9139	-0.9802	0.2726	-1.6499	-0.2583	-1.5297	-1.1288	0.8191	1.1824	-0.0136	-0.201	0.4503	-1.1748	0.21	1.5322	-0.2642	-0.2521	-0.0947	-0.668	0.4557	1.3327
COPS5|JAB1	-0.0379	-0.1108	-0.8862	0.8079	2.446	-0.7326	-0.6114	-0.8725	-0.7175	-0.4662	2.2653	-0.1371	-0.4652	1.7995	1.2772	-1.1243	-0.7318	-0.2134	0.5026	-0.0197	-0.6714	-0.843	-1.0979	-0.061	0.0666	-0.8084	1.0259	1.687	-0.8522	-0.4175